,Path66,Path46_SCE,Path61,Path42
0,0.0,593.0429220524866,460.826610501607,163.31444754697526
1,0.0,593.0429220524866,460.826610501607,163.31444754697526
2,0.0,593.0429220524866,460.826610501607,163.31444754697526
3,0.0,593.0429220524866,460.826610501607,163.31444754697526
4,0.0,593.0429220524866,460.826610501607,163.31444754697526
5,0.0,593.0429220524866,460.826610501607,163.31444754697526
6,0.0,593.0429220524866,460.826610501607,163.31444754697526
7,0.0,593.0429220524866,460.826610501607,163.31444754697526
8,0.0,593.0429220524866,460.826610501607,163.31444754697526
9,0.0,593.0429220524866,460.826610501607,163.31444754697526
10,0.0,593.0429220524866,460.826610501607,163.31444754697526
11,0.0,593.0429220524866,460.826610501607,163.31444754697526
12,0.0,593.0429220524866,460.826610501607,163.31444754697526
13,0.0,593.0429220524866,460.826610501607,163.31444754697526
14,0.0,593.0429220524866,460.826610501607,163.31444754697526
15,0.0,593.0429220524866,460.826610501607,163.31444754697526
16,0.0,593.0429220524866,460.826610501607,163.31444754697526
17,0.0,593.0429220524866,460.826610501607,163.31444754697526
18,0.0,593.0429220524866,460.826610501607,163.31444754697526
19,0.0,593.0429220524866,460.826610501607,163.31444754697526
20,0.0,593.0429220524866,460.826610501607,163.31444754697526
21,0.0,593.0429220524866,460.826610501607,163.31444754697526
22,0.0,593.0429220524866,460.826610501607,163.31444754697526
23,0.0,593.0429220524866,460.826610501607,163.31444754697526
24,0.0,475.3202899288972,460.826610501607,14.946027968460356
25,0.0,475.3202899288972,460.826610501607,14.946027968460356
26,0.0,475.3202899288972,460.826610501607,14.946027968460356
27,0.0,475.3202899288972,460.826610501607,14.946027968460356
28,0.0,475.3202899288972,460.826610501607,14.946027968460356
29,0.0,475.3202899288972,460.826610501607,14.946027968460356
30,0.0,475.3202899288972,460.826610501607,14.946027968460356
31,0.0,475.3202899288972,460.826610501607,14.946027968460356
32,0.0,475.3202899288972,460.826610501607,14.946027968460356
33,0.0,475.3202899288972,460.826610501607,14.946027968460356
34,0.0,475.3202899288972,460.826610501607,14.946027968460356
35,0.0,475.3202899288972,460.826610501607,14.946027968460356
36,0.0,475.3202899288972,460.826610501607,14.946027968460356
37,0.0,475.3202899288972,460.826610501607,14.946027968460356
38,0.0,475.3202899288972,460.826610501607,14.946027968460356
39,0.0,475.3202899288972,460.826610501607,14.946027968460356
40,0.0,475.3202899288972,460.826610501607,14.946027968460356
41,0.0,475.3202899288972,460.826610501607,14.946027968460356
42,0.0,475.3202899288972,460.826610501607,14.946027968460356
43,0.0,475.3202899288972,460.826610501607,14.946027968460356
44,0.0,475.3202899288972,460.826610501607,14.946027968460356
45,0.0,475.3202899288972,460.826610501607,14.946027968460356
46,0.0,475.3202899288972,460.826610501607,14.946027968460356
47,0.0,475.3202899288972,460.826610501607,14.946027968460356
48,0.0,524.1520803306403,339.3165101442112,155.161820082919
49,0.0,524.1520803306403,339.3165101442112,155.161820082919
50,0.0,524.1520803306403,339.3165101442112,155.161820082919
51,0.0,524.1520803306403,339.3165101442112,155.161820082919
52,0.0,524.1520803306403,339.3165101442112,155.161820082919
53,0.0,524.1520803306403,339.3165101442112,155.161820082919
54,0.0,524.1520803306403,339.3165101442112,155.161820082919
55,0.0,524.1520803306403,339.3165101442112,155.161820082919
56,0.0,524.1520803306403,339.3165101442112,155.161820082919
57,0.0,524.1520803306403,339.3165101442112,155.161820082919
58,0.0,524.1520803306403,339.3165101442112,155.161820082919
59,0.0,524.1520803306403,339.3165101442112,155.161820082919
60,0.0,524.1520803306403,339.3165101442112,155.161820082919
61,0.0,524.1520803306403,339.3165101442112,155.161820082919
62,0.0,524.1520803306403,339.3165101442112,155.161820082919
63,0.0,524.1520803306403,339.3165101442112,155.161820082919
64,0.0,524.1520803306403,339.3165101442112,155.161820082919
65,0.0,524.1520803306403,339.3165101442112,155.161820082919
66,0.0,524.1520803306403,339.3165101442112,155.161820082919
67,0.0,524.1520803306403,339.3165101442112,155.161820082919
68,0.0,524.1520803306403,339.3165101442112,155.161820082919
69,0.0,524.1520803306403,339.3165101442112,155.161820082919
70,0.0,524.1520803306403,339.3165101442112,155.161820082919
71,0.0,524.1520803306403,339.3165101442112,155.161820082919
72,0.0,586.4832223067629,460.826610501607,129.4300872768968
73,0.0,586.4832223067629,460.826610501607,129.4300872768968
74,0.0,586.4832223067629,460.826610501607,129.4300872768968
75,0.0,586.4832223067629,460.826610501607,129.4300872768968
76,0.0,586.4832223067629,460.826610501607,129.4300872768968
77,0.0,586.4832223067629,460.826610501607,129.4300872768968
78,0.0,586.4832223067629,460.826610501607,129.4300872768968
79,0.0,586.4832223067629,460.826610501607,129.4300872768968
80,0.0,586.4832223067629,460.826610501607,129.4300872768968
81,0.0,586.4832223067629,460.826610501607,129.4300872768968
82,0.0,586.4832223067629,460.826610501607,129.4300872768968
83,0.0,586.4832223067629,460.826610501607,129.4300872768968
84,0.0,586.4832223067629,460.826610501607,129.4300872768968
85,0.0,586.4832223067629,460.826610501607,129.4300872768968
86,0.0,586.4832223067629,460.826610501607,129.4300872768968
87,0.0,586.4832223067629,460.826610501607,129.4300872768968
88,0.0,586.4832223067629,460.826610501607,129.4300872768968
89,0.0,586.4832223067629,460.826610501607,129.4300872768968
90,0.0,586.4832223067629,460.826610501607,129.4300872768968
91,0.0,586.4832223067629,460.826610501607,129.4300872768968
92,0.0,586.4832223067629,460.826610501607,129.4300872768968
93,0.0,586.4832223067629,460.826610501607,129.4300872768968
94,0.0,586.4832223067629,460.826610501607,129.4300872768968
95,0.0,586.4832223067629,460.826610501607,129.4300872768968
96,0.0,634.3839870150341,460.826610501607,201.237306473559
97,0.0,634.3839870150341,460.826610501607,201.237306473559
98,0.0,634.3839870150341,460.826610501607,201.237306473559
99,0.0,634.3839870150341,460.826610501607,201.237306473559
100,0.0,634.3839870150341,460.826610501607,201.237306473559
101,0.0,634.3839870150341,460.826610501607,201.237306473559
102,0.0,634.3839870150341,460.826610501607,201.237306473559
103,0.0,634.3839870150341,460.826610501607,201.237306473559
104,0.0,634.3839870150341,460.826610501607,201.237306473559
105,0.0,634.3839870150341,460.826610501607,201.237306473559
106,0.0,634.3839870150341,460.826610501607,201.237306473559
107,0.0,634.3839870150341,460.826610501607,201.237306473559
108,0.0,634.3839870150341,460.826610501607,201.237306473559
109,0.0,634.3839870150341,460.826610501607,201.237306473559
110,0.0,634.3839870150341,460.826610501607,201.237306473559
111,0.0,634.3839870150341,460.826610501607,201.237306473559
112,0.0,634.3839870150341,460.826610501607,201.237306473559
113,0.0,634.3839870150341,460.826610501607,201.237306473559
114,0.0,634.3839870150341,460.826610501607,201.237306473559
115,0.0,634.3839870150341,460.826610501607,201.237306473559
116,0.0,634.3839870150341,460.826610501607,201.237306473559
117,0.0,634.3839870150341,460.826610501607,201.237306473559
118,0.0,634.3839870150341,460.826610501607,201.237306473559
119,0.0,634.3839870150341,460.826610501607,201.237306473559
120,0.0,445.83857033914273,460.826610501607,177.4796299493484
121,0.0,445.83857033914273,460.826610501607,177.4796299493484
122,0.0,445.83857033914273,460.826610501607,177.4796299493484
123,0.0,445.83857033914273,460.826610501607,177.4796299493484
124,0.0,445.83857033914273,460.826610501607,177.4796299493484
125,0.0,445.83857033914273,460.826610501607,177.4796299493484
126,0.0,445.83857033914273,460.826610501607,177.4796299493484
127,0.0,445.83857033914273,460.826610501607,177.4796299493484
128,0.0,445.83857033914273,460.826610501607,177.4796299493484
129,0.0,445.83857033914273,460.826610501607,177.4796299493484
130,0.0,445.83857033914273,460.826610501607,177.4796299493484
131,0.0,445.83857033914273,460.826610501607,177.4796299493484
132,0.0,445.83857033914273,460.826610501607,177.4796299493484
133,0.0,445.83857033914273,460.826610501607,177.4796299493484
134,0.0,445.83857033914273,460.826610501607,177.4796299493484
135,0.0,445.83857033914273,460.826610501607,177.4796299493484
136,0.0,445.83857033914273,460.826610501607,177.4796299493484
137,0.0,445.83857033914273,460.826610501607,177.4796299493484
138,0.0,445.83857033914273,460.826610501607,177.4796299493484
139,0.0,445.83857033914273,460.826610501607,177.4796299493484
140,0.0,445.83857033914273,460.826610501607,177.4796299493484
141,0.0,445.83857033914273,460.826610501607,177.4796299493484
142,0.0,445.83857033914273,460.826610501607,177.4796299493484
143,0.0,445.83857033914273,460.826610501607,177.4796299493484
144,0.0,578.1412704547351,460.826610501607,6.134918166323587
145,0.0,578.1412704547351,460.826610501607,6.134918166323587
146,0.0,578.1412704547351,460.826610501607,6.134918166323587
147,0.0,578.1412704547351,460.826610501607,6.134918166323587
148,0.0,578.1412704547351,460.826610501607,6.134918166323587
149,0.0,578.1412704547351,460.826610501607,6.134918166323587
150,0.0,578.1412704547351,460.826610501607,6.134918166323587
151,0.0,578.1412704547351,460.826610501607,6.134918166323587
152,0.0,578.1412704547351,460.826610501607,6.134918166323587
153,0.0,578.1412704547351,460.826610501607,6.134918166323587
154,0.0,578.1412704547351,460.826610501607,6.134918166323587
155,0.0,578.1412704547351,460.826610501607,6.134918166323587
156,0.0,578.1412704547351,460.826610501607,6.134918166323587
157,0.0,578.1412704547351,460.826610501607,6.134918166323587
158,0.0,578.1412704547351,460.826610501607,6.134918166323587
159,0.0,578.1412704547351,460.826610501607,6.134918166323587
160,0.0,578.1412704547351,460.826610501607,6.134918166323587
161,0.0,578.1412704547351,460.826610501607,6.134918166323587
162,0.0,578.1412704547351,460.826610501607,6.134918166323587
163,0.0,578.1412704547351,460.826610501607,6.134918166323587
164,0.0,578.1412704547351,460.826610501607,6.134918166323587
165,0.0,578.1412704547351,460.826610501607,6.134918166323587
166,0.0,578.1412704547351,460.826610501607,6.134918166323587
167,0.0,578.1412704547351,460.826610501607,6.134918166323587
168,0.0,436.20020502413854,457.0860471371067,0.0
169,0.0,436.20020502413854,457.0860471371067,0.0
170,0.0,436.20020502413854,457.0860471371067,0.0
171,0.0,436.20020502413854,457.0860471371067,0.0
172,0.0,436.20020502413854,457.0860471371067,0.0
173,0.0,436.20020502413854,457.0860471371067,0.0
174,0.0,436.20020502413854,457.0860471371067,0.0
175,0.0,436.20020502413854,457.0860471371067,0.0
176,0.0,436.20020502413854,457.0860471371067,0.0
177,0.0,436.20020502413854,457.0860471371067,0.0
178,0.0,436.20020502413854,457.0860471371067,0.0
179,0.0,436.20020502413854,457.0860471371067,0.0
180,0.0,436.20020502413854,457.0860471371067,0.0
181,0.0,436.20020502413854,457.0860471371067,0.0
182,0.0,436.20020502413854,457.0860471371067,0.0
183,0.0,436.20020502413854,457.0860471371067,0.0
184,0.0,436.20020502413854,457.0860471371067,0.0
185,0.0,436.20020502413854,457.0860471371067,0.0
186,0.0,436.20020502413854,457.0860471371067,0.0
187,0.0,436.20020502413854,457.0860471371067,0.0
188,0.0,436.20020502413854,457.0860471371067,0.0
189,0.0,436.20020502413854,457.0860471371067,0.0
190,0.0,436.20020502413854,457.0860471371067,0.0
191,0.0,436.20020502413854,457.0860471371067,0.0
192,0.0,342.2810117781073,460.826610501607,80.98891286151826
193,0.0,342.2810117781073,460.826610501607,80.98891286151826
194,0.0,342.2810117781073,460.826610501607,80.98891286151826
195,0.0,342.2810117781073,460.826610501607,80.98891286151826
196,0.0,342.2810117781073,460.826610501607,80.98891286151826
197,0.0,342.2810117781073,460.826610501607,80.98891286151826
198,0.0,342.2810117781073,460.826610501607,80.98891286151826
199,0.0,342.2810117781073,460.826610501607,80.98891286151826
200,0.0,342.2810117781073,460.826610501607,80.98891286151826
201,0.0,342.2810117781073,460.826610501607,80.98891286151826
202,0.0,342.2810117781073,460.826610501607,80.98891286151826
203,0.0,342.2810117781073,460.826610501607,80.98891286151826
204,0.0,342.2810117781073,460.826610501607,80.98891286151826
205,0.0,342.2810117781073,460.826610501607,80.98891286151826
206,0.0,342.2810117781073,460.826610501607,80.98891286151826
207,0.0,342.2810117781073,460.826610501607,80.98891286151826
208,0.0,342.2810117781073,460.826610501607,80.98891286151826
209,0.0,342.2810117781073,460.826610501607,80.98891286151826
210,0.0,342.2810117781073,460.826610501607,80.98891286151826
211,0.0,342.2810117781073,460.826610501607,80.98891286151826
212,0.0,342.2810117781073,460.826610501607,80.98891286151826
213,0.0,342.2810117781073,460.826610501607,80.98891286151826
214,0.0,342.2810117781073,460.826610501607,80.98891286151826
215,0.0,342.2810117781073,460.826610501607,80.98891286151826
216,0.0,647.3537586895332,240.10593545449638,65.05116161839726
217,0.0,647.3537586895332,240.10593545449638,65.05116161839726
218,0.0,647.3537586895332,240.10593545449638,65.05116161839726
219,0.0,647.3537586895332,240.10593545449638,65.05116161839726
220,0.0,647.3537586895332,240.10593545449638,65.05116161839726
221,0.0,647.3537586895332,240.10593545449638,65.05116161839726
222,0.0,647.3537586895332,240.10593545449638,65.05116161839726
223,0.0,647.3537586895332,240.10593545449638,65.05116161839726
224,0.0,647.3537586895332,240.10593545449638,65.05116161839726
225,0.0,647.3537586895332,240.10593545449638,65.05116161839726
226,0.0,647.3537586895332,240.10593545449638,65.05116161839726
227,0.0,647.3537586895332,240.10593545449638,65.05116161839726
228,0.0,647.3537586895332,240.10593545449638,65.05116161839726
229,0.0,647.3537586895332,240.10593545449638,65.05116161839726
230,0.0,647.3537586895332,240.10593545449638,65.05116161839726
231,0.0,647.3537586895332,240.10593545449638,65.05116161839726
232,0.0,647.3537586895332,240.10593545449638,65.05116161839726
233,0.0,647.3537586895332,240.10593545449638,65.05116161839726
234,0.0,647.3537586895332,240.10593545449638,65.05116161839726
235,0.0,647.3537586895332,240.10593545449638,65.05116161839726
236,0.0,647.3537586895332,240.10593545449638,65.05116161839726
237,0.0,647.3537586895332,240.10593545449638,65.05116161839726
238,0.0,647.3537586895332,240.10593545449638,65.05116161839726
239,0.0,647.3537586895332,240.10593545449638,65.05116161839726
240,0.0,697.5368667288817,420.6944616421964,100.56999606031411
241,0.0,697.5368667288817,420.6944616421964,100.56999606031411
242,0.0,697.5368667288817,420.6944616421964,100.56999606031411
243,0.0,697.5368667288817,420.6944616421964,100.56999606031411
244,0.0,697.5368667288817,420.6944616421964,100.56999606031411
245,0.0,697.5368667288817,420.6944616421964,100.56999606031411
246,0.0,697.5368667288817,420.6944616421964,100.56999606031411
247,0.0,697.5368667288817,420.6944616421964,100.56999606031411
248,0.0,697.5368667288817,420.6944616421964,100.56999606031411
249,0.0,697.5368667288817,420.6944616421964,100.56999606031411
250,0.0,697.5368667288817,420.6944616421964,100.56999606031411
251,0.0,697.5368667288817,420.6944616421964,100.56999606031411
252,0.0,697.5368667288817,420.6944616421964,100.56999606031411
253,0.0,697.5368667288817,420.6944616421964,100.56999606031411
254,0.0,697.5368667288817,420.6944616421964,100.56999606031411
255,0.0,697.5368667288817,420.6944616421964,100.56999606031411
256,0.0,697.5368667288817,420.6944616421964,100.56999606031411
257,0.0,697.5368667288817,420.6944616421964,100.56999606031411
258,0.0,697.5368667288817,420.6944616421964,100.56999606031411
259,0.0,697.5368667288817,420.6944616421964,100.56999606031411
260,0.0,697.5368667288817,420.6944616421964,100.56999606031411
261,0.0,697.5368667288817,420.6944616421964,100.56999606031411
262,0.0,697.5368667288817,420.6944616421964,100.56999606031411
263,0.0,697.5368667288817,420.6944616421964,100.56999606031411
264,0.0,584.3939298239216,460.826610501607,150.63370178174546
265,0.0,584.3939298239216,460.826610501607,150.63370178174546
266,0.0,584.3939298239216,460.826610501607,150.63370178174546
267,0.0,584.3939298239216,460.826610501607,150.63370178174546
268,0.0,584.3939298239216,460.826610501607,150.63370178174546
269,0.0,584.3939298239216,460.826610501607,150.63370178174546
270,0.0,584.3939298239216,460.826610501607,150.63370178174546
271,0.0,584.3939298239216,460.826610501607,150.63370178174546
272,0.0,584.3939298239216,460.826610501607,150.63370178174546
273,0.0,584.3939298239216,460.826610501607,150.63370178174546
274,0.0,584.3939298239216,460.826610501607,150.63370178174546
275,0.0,584.3939298239216,460.826610501607,150.63370178174546
276,0.0,584.3939298239216,460.826610501607,150.63370178174546
277,0.0,584.3939298239216,460.826610501607,150.63370178174546
278,0.0,584.3939298239216,460.826610501607,150.63370178174546
279,0.0,584.3939298239216,460.826610501607,150.63370178174546
280,0.0,584.3939298239216,460.826610501607,150.63370178174546
281,0.0,584.3939298239216,460.826610501607,150.63370178174546
282,0.0,584.3939298239216,460.826610501607,150.63370178174546
283,0.0,584.3939298239216,460.826610501607,150.63370178174546
284,0.0,584.3939298239216,460.826610501607,150.63370178174546
285,0.0,584.3939298239216,460.826610501607,150.63370178174546
286,0.0,584.3939298239216,460.826610501607,150.63370178174546
287,0.0,584.3939298239216,460.826610501607,150.63370178174546
288,0.0,526.7131573708925,460.826610501607,145.0142692705155
289,0.0,526.7131573708925,460.826610501607,145.0142692705155
290,0.0,526.7131573708925,460.826610501607,145.0142692705155
291,0.0,526.7131573708925,460.826610501607,145.0142692705155
292,0.0,526.7131573708925,460.826610501607,145.0142692705155
293,0.0,526.7131573708925,460.826610501607,145.0142692705155
294,0.0,526.7131573708925,460.826610501607,145.0142692705155
295,0.0,526.7131573708925,460.826610501607,145.0142692705155
296,0.0,526.7131573708925,460.826610501607,145.0142692705155
297,0.0,526.7131573708925,460.826610501607,145.0142692705155
298,0.0,526.7131573708925,460.826610501607,145.0142692705155
299,0.0,526.7131573708925,460.826610501607,145.0142692705155
300,0.0,526.7131573708925,460.826610501607,145.0142692705155
301,0.0,526.7131573708925,460.826610501607,145.0142692705155
302,0.0,526.7131573708925,460.826610501607,145.0142692705155
303,0.0,526.7131573708925,460.826610501607,145.0142692705155
304,0.0,526.7131573708925,460.826610501607,145.0142692705155
305,0.0,526.7131573708925,460.826610501607,145.0142692705155
306,0.0,526.7131573708925,460.826610501607,145.0142692705155
307,0.0,526.7131573708925,460.826610501607,145.0142692705155
308,0.0,526.7131573708925,460.826610501607,145.0142692705155
309,0.0,526.7131573708925,460.826610501607,145.0142692705155
310,0.0,526.7131573708925,460.826610501607,145.0142692705155
311,0.0,526.7131573708925,460.826610501607,145.0142692705155
312,0.0,353.8797740453647,460.826610501607,6.540178847153669
313,0.0,353.8797740453647,460.826610501607,6.540178847153669
314,0.0,353.8797740453647,460.826610501607,6.540178847153669
315,0.0,353.8797740453647,460.826610501607,6.540178847153669
316,0.0,353.8797740453647,460.826610501607,6.540178847153669
317,0.0,353.8797740453647,460.826610501607,6.540178847153669
318,0.0,353.8797740453647,460.826610501607,6.540178847153669
319,0.0,353.8797740453647,460.826610501607,6.540178847153669
320,0.0,353.8797740453647,460.826610501607,6.540178847153669
321,0.0,353.8797740453647,460.826610501607,6.540178847153669
322,0.0,353.8797740453647,460.826610501607,6.540178847153669
323,0.0,353.8797740453647,460.826610501607,6.540178847153669
324,0.0,353.8797740453647,460.826610501607,6.540178847153669
325,0.0,353.8797740453647,460.826610501607,6.540178847153669
326,0.0,353.8797740453647,460.826610501607,6.540178847153669
327,0.0,353.8797740453647,460.826610501607,6.540178847153669
328,0.0,353.8797740453647,460.826610501607,6.540178847153669
329,0.0,353.8797740453647,460.826610501607,6.540178847153669
330,0.0,353.8797740453647,460.826610501607,6.540178847153669
331,0.0,353.8797740453647,460.826610501607,6.540178847153669
332,0.0,353.8797740453647,460.826610501607,6.540178847153669
333,0.0,353.8797740453647,460.826610501607,6.540178847153669
334,0.0,353.8797740453647,460.826610501607,6.540178847153669
335,0.0,353.8797740453647,460.826610501607,6.540178847153669
336,0.0,139.50858942133436,460.826610501607,172.22860918857384
337,0.0,139.50858942133436,460.826610501607,172.22860918857384
338,0.0,139.50858942133436,460.826610501607,172.22860918857384
339,0.0,139.50858942133436,460.826610501607,172.22860918857384
340,0.0,139.50858942133436,460.826610501607,172.22860918857384
341,0.0,139.50858942133436,460.826610501607,172.22860918857384
342,0.0,139.50858942133436,460.826610501607,172.22860918857384
343,0.0,139.50858942133436,460.826610501607,172.22860918857384
344,0.0,139.50858942133436,460.826610501607,172.22860918857384
345,0.0,139.50858942133436,460.826610501607,172.22860918857384
346,0.0,139.50858942133436,460.826610501607,172.22860918857384
347,0.0,139.50858942133436,460.826610501607,172.22860918857384
348,0.0,139.50858942133436,460.826610501607,172.22860918857384
349,0.0,139.50858942133436,460.826610501607,172.22860918857384
350,0.0,139.50858942133436,460.826610501607,172.22860918857384
351,0.0,139.50858942133436,460.826610501607,172.22860918857384
352,0.0,139.50858942133436,460.826610501607,172.22860918857384
353,0.0,139.50858942133436,460.826610501607,172.22860918857384
354,0.0,139.50858942133436,460.826610501607,172.22860918857384
355,0.0,139.50858942133436,460.826610501607,172.22860918857384
356,0.0,139.50858942133436,460.826610501607,172.22860918857384
357,0.0,139.50858942133436,460.826610501607,172.22860918857384
358,0.0,139.50858942133436,460.826610501607,172.22860918857384
359,0.0,139.50858942133436,460.826610501607,172.22860918857384
360,0.0,387.6867784924034,460.826610501607,113.33605497973844
361,0.0,387.6867784924034,460.826610501607,113.33605497973844
362,0.0,387.6867784924034,460.826610501607,113.33605497973844
363,0.0,387.6867784924034,460.826610501607,113.33605497973844
364,0.0,387.6867784924034,460.826610501607,113.33605497973844
365,0.0,387.6867784924034,460.826610501607,113.33605497973844
366,0.0,387.6867784924034,460.826610501607,113.33605497973844
367,0.0,387.6867784924034,460.826610501607,113.33605497973844
368,0.0,387.6867784924034,460.826610501607,113.33605497973844
369,0.0,387.6867784924034,460.826610501607,113.33605497973844
370,0.0,387.6867784924034,460.826610501607,113.33605497973844
371,0.0,387.6867784924034,460.826610501607,113.33605497973844
372,0.0,387.6867784924034,460.826610501607,113.33605497973844
373,0.0,387.6867784924034,460.826610501607,113.33605497973844
374,0.0,387.6867784924034,460.826610501607,113.33605497973844
375,0.0,387.6867784924034,460.826610501607,113.33605497973844
376,0.0,387.6867784924034,460.826610501607,113.33605497973844
377,0.0,387.6867784924034,460.826610501607,113.33605497973844
378,0.0,387.6867784924034,460.826610501607,113.33605497973844
379,0.0,387.6867784924034,460.826610501607,113.33605497973844
380,0.0,387.6867784924034,460.826610501607,113.33605497973844
381,0.0,387.6867784924034,460.826610501607,113.33605497973844
382,0.0,387.6867784924034,460.826610501607,113.33605497973844
383,0.0,387.6867784924034,460.826610501607,113.33605497973844
384,0.0,257.8107213786875,178.65263718010783,135.9775264537968
385,0.0,257.8107213786875,178.65263718010783,135.9775264537968
386,0.0,257.8107213786875,178.65263718010783,135.9775264537968
387,0.0,257.8107213786875,178.65263718010783,135.9775264537968
388,0.0,257.8107213786875,178.65263718010783,135.9775264537968
389,0.0,257.8107213786875,178.65263718010783,135.9775264537968
390,0.0,257.8107213786875,178.65263718010783,135.9775264537968
391,0.0,257.8107213786875,178.65263718010783,135.9775264537968
392,0.0,257.8107213786875,178.65263718010783,135.9775264537968
393,0.0,257.8107213786875,178.65263718010783,135.9775264537968
394,0.0,257.8107213786875,178.65263718010783,135.9775264537968
395,0.0,257.8107213786875,178.65263718010783,135.9775264537968
396,0.0,257.8107213786875,178.65263718010783,135.9775264537968
397,0.0,257.8107213786875,178.65263718010783,135.9775264537968
398,0.0,257.8107213786875,178.65263718010783,135.9775264537968
399,0.0,257.8107213786875,178.65263718010783,135.9775264537968
400,0.0,257.8107213786875,178.65263718010783,135.9775264537968
401,0.0,257.8107213786875,178.65263718010783,135.9775264537968
402,0.0,257.8107213786875,178.65263718010783,135.9775264537968
403,0.0,257.8107213786875,178.65263718010783,135.9775264537968
404,0.0,257.8107213786875,178.65263718010783,135.9775264537968
405,0.0,257.8107213786875,178.65263718010783,135.9775264537968
406,0.0,257.8107213786875,178.65263718010783,135.9775264537968
407,0.0,257.8107213786875,178.65263718010783,135.9775264537968
408,0.0,294.98352006871255,296.5147619415243,115.0310271935642
409,0.0,294.98352006871255,296.5147619415243,115.0310271935642
410,0.0,294.98352006871255,296.5147619415243,115.0310271935642
411,0.0,294.98352006871255,296.5147619415243,115.0310271935642
412,0.0,294.98352006871255,296.5147619415243,115.0310271935642
413,0.0,294.98352006871255,296.5147619415243,115.0310271935642
414,0.0,294.98352006871255,296.5147619415243,115.0310271935642
415,0.0,294.98352006871255,296.5147619415243,115.0310271935642
416,0.0,294.98352006871255,296.5147619415243,115.0310271935642
417,0.0,294.98352006871255,296.5147619415243,115.0310271935642
418,0.0,294.98352006871255,296.5147619415243,115.0310271935642
419,0.0,294.98352006871255,296.5147619415243,115.0310271935642
420,0.0,294.98352006871255,296.5147619415243,115.0310271935642
421,0.0,294.98352006871255,296.5147619415243,115.0310271935642
422,0.0,294.98352006871255,296.5147619415243,115.0310271935642
423,0.0,294.98352006871255,296.5147619415243,115.0310271935642
424,0.0,294.98352006871255,296.5147619415243,115.0310271935642
425,0.0,294.98352006871255,296.5147619415243,115.0310271935642
426,0.0,294.98352006871255,296.5147619415243,115.0310271935642
427,0.0,294.98352006871255,296.5147619415243,115.0310271935642
428,0.0,294.98352006871255,296.5147619415243,115.0310271935642
429,0.0,294.98352006871255,296.5147619415243,115.0310271935642
430,0.0,294.98352006871255,296.5147619415243,115.0310271935642
431,0.0,294.98352006871255,296.5147619415243,115.0310271935642
432,0.0,52.57087148950859,438.293645540873,191.70577160470532
433,0.0,52.57087148950859,438.293645540873,191.70577160470532
434,0.0,52.57087148950859,438.293645540873,191.70577160470532
435,0.0,52.57087148950859,438.293645540873,191.70577160470532
436,0.0,52.57087148950859,438.293645540873,191.70577160470532
437,0.0,52.57087148950859,438.293645540873,191.70577160470532
438,0.0,52.57087148950859,438.293645540873,191.70577160470532
439,0.0,52.57087148950859,438.293645540873,191.70577160470532
440,0.0,52.57087148950859,438.293645540873,191.70577160470532
441,0.0,52.57087148950859,438.293645540873,191.70577160470532
442,0.0,52.57087148950859,438.293645540873,191.70577160470532
443,0.0,52.57087148950859,438.293645540873,191.70577160470532
444,0.0,52.57087148950859,438.293645540873,191.70577160470532
445,0.0,52.57087148950859,438.293645540873,191.70577160470532
446,0.0,52.57087148950859,438.293645540873,191.70577160470532
447,0.0,52.57087148950859,438.293645540873,191.70577160470532
448,0.0,52.57087148950859,438.293645540873,191.70577160470532
449,0.0,52.57087148950859,438.293645540873,191.70577160470532
450,0.0,52.57087148950859,438.293645540873,191.70577160470532
451,0.0,52.57087148950859,438.293645540873,191.70577160470532
452,0.0,52.57087148950859,438.293645540873,191.70577160470532
453,0.0,52.57087148950859,438.293645540873,191.70577160470532
454,0.0,52.57087148950859,438.293645540873,191.70577160470532
455,0.0,52.57087148950859,438.293645540873,191.70577160470532
456,0.0,409.4380750914736,442.085778109232,186.26393720205434
457,0.0,409.4380750914736,442.085778109232,186.26393720205434
458,0.0,409.4380750914736,442.085778109232,186.26393720205434
459,0.0,409.4380750914736,442.085778109232,186.26393720205434
460,0.0,409.4380750914736,442.085778109232,186.26393720205434
461,0.0,409.4380750914736,442.085778109232,186.26393720205434
462,0.0,409.4380750914736,442.085778109232,186.26393720205434
463,0.0,409.4380750914736,442.085778109232,186.26393720205434
464,0.0,409.4380750914736,442.085778109232,186.26393720205434
465,0.0,409.4380750914736,442.085778109232,186.26393720205434
466,0.0,409.4380750914736,442.085778109232,186.26393720205434
467,0.0,409.4380750914736,442.085778109232,186.26393720205434
468,0.0,409.4380750914736,442.085778109232,186.26393720205434
469,0.0,409.4380750914736,442.085778109232,186.26393720205434
470,0.0,409.4380750914736,442.085778109232,186.26393720205434
471,0.0,409.4380750914736,442.085778109232,186.26393720205434
472,0.0,409.4380750914736,442.085778109232,186.26393720205434
473,0.0,409.4380750914736,442.085778109232,186.26393720205434
474,0.0,409.4380750914736,442.085778109232,186.26393720205434
475,0.0,409.4380750914736,442.085778109232,186.26393720205434
476,0.0,409.4380750914736,442.085778109232,186.26393720205434
477,0.0,409.4380750914736,442.085778109232,186.26393720205434
478,0.0,409.4380750914736,442.085778109232,186.26393720205434
479,0.0,409.4380750914736,442.085778109232,186.26393720205434
480,0.0,657.4594921167447,446.097745068867,178.9546731718099
481,0.0,657.4594921167447,446.097745068867,178.9546731718099
482,0.0,657.4594921167447,446.097745068867,178.9546731718099
483,0.0,657.4594921167447,446.097745068867,178.9546731718099
484,0.0,657.4594921167447,446.097745068867,178.9546731718099
485,0.0,657.4594921167447,446.097745068867,178.9546731718099
486,0.0,657.4594921167447,446.097745068867,178.9546731718099
487,0.0,657.4594921167447,446.097745068867,178.9546731718099
488,0.0,657.4594921167447,446.097745068867,178.9546731718099
489,0.0,657.4594921167447,446.097745068867,178.9546731718099
490,0.0,657.4594921167447,446.097745068867,178.9546731718099
491,0.0,657.4594921167447,446.097745068867,178.9546731718099
492,0.0,657.4594921167447,446.097745068867,178.9546731718099
493,0.0,657.4594921167447,446.097745068867,178.9546731718099
494,0.0,657.4594921167447,446.097745068867,178.9546731718099
495,0.0,657.4594921167447,446.097745068867,178.9546731718099
496,0.0,657.4594921167447,446.097745068867,178.9546731718099
497,0.0,657.4594921167447,446.097745068867,178.9546731718099
498,0.0,657.4594921167447,446.097745068867,178.9546731718099
499,0.0,657.4594921167447,446.097745068867,178.9546731718099
500,0.0,657.4594921167447,446.097745068867,178.9546731718099
501,0.0,657.4594921167447,446.097745068867,178.9546731718099
502,0.0,657.4594921167447,446.097745068867,178.9546731718099
503,0.0,657.4594921167447,446.097745068867,178.9546731718099
504,0.0,429.78215887429633,441.481235059102,3.6744105881865607
505,0.0,429.78215887429633,441.481235059102,3.6744105881865607
506,0.0,429.78215887429633,441.481235059102,3.6744105881865607
507,0.0,429.78215887429633,441.481235059102,3.6744105881865607
508,0.0,429.78215887429633,441.481235059102,3.6744105881865607
509,0.0,429.78215887429633,441.481235059102,3.6744105881865607
510,0.0,429.78215887429633,441.481235059102,3.6744105881865607
511,0.0,429.78215887429633,441.481235059102,3.6744105881865607
512,0.0,429.78215887429633,441.481235059102,3.6744105881865607
513,0.0,429.78215887429633,441.481235059102,3.6744105881865607
514,0.0,429.78215887429633,441.481235059102,3.6744105881865607
515,0.0,429.78215887429633,441.481235059102,3.6744105881865607
516,0.0,429.78215887429633,441.481235059102,3.6744105881865607
517,0.0,429.78215887429633,441.481235059102,3.6744105881865607
518,0.0,429.78215887429633,441.481235059102,3.6744105881865607
519,0.0,429.78215887429633,441.481235059102,3.6744105881865607
520,0.0,429.78215887429633,441.481235059102,3.6744105881865607
521,0.0,429.78215887429633,441.481235059102,3.6744105881865607
522,0.0,429.78215887429633,441.481235059102,3.6744105881865607
523,0.0,429.78215887429633,441.481235059102,3.6744105881865607
524,0.0,429.78215887429633,441.481235059102,3.6744105881865607
525,0.0,429.78215887429633,441.481235059102,3.6744105881865607
526,0.0,429.78215887429633,441.481235059102,3.6744105881865607
527,0.0,429.78215887429633,441.481235059102,3.6744105881865607
528,0.0,281.5882705671622,435.875474357604,13.381256252374158
529,0.0,281.5882705671622,435.875474357604,13.381256252374158
530,0.0,281.5882705671622,435.875474357604,13.381256252374158
531,0.0,281.5882705671622,435.875474357604,13.381256252374158
532,0.0,281.5882705671622,435.875474357604,13.381256252374158
533,0.0,281.5882705671622,435.875474357604,13.381256252374158
534,0.0,281.5882705671622,435.875474357604,13.381256252374158
535,0.0,281.5882705671622,435.875474357604,13.381256252374158
536,0.0,281.5882705671622,435.875474357604,13.381256252374158
537,0.0,281.5882705671622,435.875474357604,13.381256252374158
538,0.0,281.5882705671622,435.875474357604,13.381256252374158
539,0.0,281.5882705671622,435.875474357604,13.381256252374158
540,0.0,281.5882705671622,435.875474357604,13.381256252374158
541,0.0,281.5882705671622,435.875474357604,13.381256252374158
542,0.0,281.5882705671622,435.875474357604,13.381256252374158
543,0.0,281.5882705671622,435.875474357604,13.381256252374158
544,0.0,281.5882705671622,435.875474357604,13.381256252374158
545,0.0,281.5882705671622,435.875474357604,13.381256252374158
546,0.0,281.5882705671622,435.875474357604,13.381256252374158
547,0.0,281.5882705671622,435.875474357604,13.381256252374158
548,0.0,281.5882705671622,435.875474357604,13.381256252374158
549,0.0,281.5882705671622,435.875474357604,13.381256252374158
550,0.0,281.5882705671622,435.875474357604,13.381256252374158
551,0.0,281.5882705671622,435.875474357604,13.381256252374158
552,0.0,418.7960385745041,388.81935276435365,17.700918812627975
553,0.0,418.7960385745041,388.81935276435365,17.700918812627975
554,0.0,418.7960385745041,388.81935276435365,17.700918812627975
555,0.0,418.7960385745041,388.81935276435365,17.700918812627975
556,0.0,418.7960385745041,388.81935276435365,17.700918812627975
557,0.0,418.7960385745041,388.81935276435365,17.700918812627975
558,0.0,418.7960385745041,388.81935276435365,17.700918812627975
559,0.0,418.7960385745041,388.81935276435365,17.700918812627975
560,0.0,418.7960385745041,388.81935276435365,17.700918812627975
561,0.0,418.7960385745041,388.81935276435365,17.700918812627975
562,0.0,418.7960385745041,388.81935276435365,17.700918812627975
563,0.0,418.7960385745041,388.81935276435365,17.700918812627975
564,0.0,418.7960385745041,388.81935276435365,17.700918812627975
565,0.0,418.7960385745041,388.81935276435365,17.700918812627975
566,0.0,418.7960385745041,388.81935276435365,17.700918812627975
567,0.0,418.7960385745041,388.81935276435365,17.700918812627975
568,0.0,418.7960385745041,388.81935276435365,17.700918812627975
569,0.0,418.7960385745041,388.81935276435365,17.700918812627975
570,0.0,418.7960385745041,388.81935276435365,17.700918812627975
571,0.0,418.7960385745041,388.81935276435365,17.700918812627975
572,0.0,418.7960385745041,388.81935276435365,17.700918812627975
573,0.0,418.7960385745041,388.81935276435365,17.700918812627975
574,0.0,418.7960385745041,388.81935276435365,17.700918812627975
575,0.0,418.7960385745041,388.81935276435365,17.700918812627975
576,0.0,281.4276639540526,271.9218442110002,0.0
577,0.0,281.4276639540526,271.9218442110002,0.0
578,0.0,281.4276639540526,271.9218442110002,0.0
579,0.0,281.4276639540526,271.9218442110002,0.0
580,0.0,281.4276639540526,271.9218442110002,0.0
581,0.0,281.4276639540526,271.9218442110002,0.0
582,0.0,281.4276639540526,271.9218442110002,0.0
583,0.0,281.4276639540526,271.9218442110002,0.0
584,0.0,281.4276639540526,271.9218442110002,0.0
585,0.0,281.4276639540526,271.9218442110002,0.0
586,0.0,281.4276639540526,271.9218442110002,0.0
587,0.0,281.4276639540526,271.9218442110002,0.0
588,0.0,281.4276639540526,271.9218442110002,0.0
589,0.0,281.4276639540526,271.9218442110002,0.0
590,0.0,281.4276639540526,271.9218442110002,0.0
591,0.0,281.4276639540526,271.9218442110002,0.0
592,0.0,281.4276639540526,271.9218442110002,0.0
593,0.0,281.4276639540526,271.9218442110002,0.0
594,0.0,281.4276639540526,271.9218442110002,0.0
595,0.0,281.4276639540526,271.9218442110002,0.0
596,0.0,281.4276639540526,271.9218442110002,0.0
597,0.0,281.4276639540526,271.9218442110002,0.0
598,0.0,281.4276639540526,271.9218442110002,0.0
599,0.0,281.4276639540526,271.9218442110002,0.0
600,0.0,431.81502502426497,419.937524223327,30.255399634337778
601,0.0,431.81502502426497,419.937524223327,30.255399634337778
602,0.0,431.81502502426497,419.937524223327,30.255399634337778
603,0.0,431.81502502426497,419.937524223327,30.255399634337778
604,0.0,431.81502502426497,419.937524223327,30.255399634337778
605,0.0,431.81502502426497,419.937524223327,30.255399634337778
606,0.0,431.81502502426497,419.937524223327,30.255399634337778
607,0.0,431.81502502426497,419.937524223327,30.255399634337778
608,0.0,431.81502502426497,419.937524223327,30.255399634337778
609,0.0,431.81502502426497,419.937524223327,30.255399634337778
610,0.0,431.81502502426497,419.937524223327,30.255399634337778
611,0.0,431.81502502426497,419.937524223327,30.255399634337778
612,0.0,431.81502502426497,419.937524223327,30.255399634337778
613,0.0,431.81502502426497,419.937524223327,30.255399634337778
614,0.0,431.81502502426497,419.937524223327,30.255399634337778
615,0.0,431.81502502426497,419.937524223327,30.255399634337778
616,0.0,431.81502502426497,419.937524223327,30.255399634337778
617,0.0,431.81502502426497,419.937524223327,30.255399634337778
618,0.0,431.81502502426497,419.937524223327,30.255399634337778
619,0.0,431.81502502426497,419.937524223327,30.255399634337778
620,0.0,431.81502502426497,419.937524223327,30.255399634337778
621,0.0,431.81502502426497,419.937524223327,30.255399634337778
622,0.0,431.81502502426497,419.937524223327,30.255399634337778
623,0.0,431.81502502426497,419.937524223327,30.255399634337778
624,0.0,108.07598543189556,353.9303149878352,48.76355764089968
625,0.0,108.07598543189556,353.9303149878352,48.76355764089968
626,0.0,108.07598543189556,353.9303149878352,48.76355764089968
627,0.0,108.07598543189556,353.9303149878352,48.76355764089968
628,0.0,108.07598543189556,353.9303149878352,48.76355764089968
629,0.0,108.07598543189556,353.9303149878352,48.76355764089968
630,0.0,108.07598543189556,353.9303149878352,48.76355764089968
631,0.0,108.07598543189556,353.9303149878352,48.76355764089968
632,0.0,108.07598543189556,353.9303149878352,48.76355764089968
633,0.0,108.07598543189556,353.9303149878352,48.76355764089968
634,0.0,108.07598543189556,353.9303149878352,48.76355764089968
635,0.0,108.07598543189556,353.9303149878352,48.76355764089968
636,0.0,108.07598543189556,353.9303149878352,48.76355764089968
637,0.0,108.07598543189556,353.9303149878352,48.76355764089968
638,0.0,108.07598543189556,353.9303149878352,48.76355764089968
639,0.0,108.07598543189556,353.9303149878352,48.76355764089968
640,0.0,108.07598543189556,353.9303149878352,48.76355764089968
641,0.0,108.07598543189556,353.9303149878352,48.76355764089968
642,0.0,108.07598543189556,353.9303149878352,48.76355764089968
643,0.0,108.07598543189556,353.9303149878352,48.76355764089968
644,0.0,108.07598543189556,353.9303149878352,48.76355764089968
645,0.0,108.07598543189556,353.9303149878352,48.76355764089968
646,0.0,108.07598543189556,353.9303149878352,48.76355764089968
647,0.0,108.07598543189556,353.9303149878352,48.76355764089968
648,0.0,181.09045624543228,378.21371770623597,34.96573663284727
649,0.0,181.09045624543228,378.21371770623597,34.96573663284727
650,0.0,181.09045624543228,378.21371770623597,34.96573663284727
651,0.0,181.09045624543228,378.21371770623597,34.96573663284727
652,0.0,181.09045624543228,378.21371770623597,34.96573663284727
653,0.0,181.09045624543228,378.21371770623597,34.96573663284727
654,0.0,181.09045624543228,378.21371770623597,34.96573663284727
655,0.0,181.09045624543228,378.21371770623597,34.96573663284727
656,0.0,181.09045624543228,378.21371770623597,34.96573663284727
657,0.0,181.09045624543228,378.21371770623597,34.96573663284727
658,0.0,181.09045624543228,378.21371770623597,34.96573663284727
659,0.0,181.09045624543228,378.21371770623597,34.96573663284727
660,0.0,181.09045624543228,378.21371770623597,34.96573663284727
661,0.0,181.09045624543228,378.21371770623597,34.96573663284727
662,0.0,181.09045624543228,378.21371770623597,34.96573663284727
663,0.0,181.09045624543228,378.21371770623597,34.96573663284727
664,0.0,181.09045624543228,378.21371770623597,34.96573663284727
665,0.0,181.09045624543228,378.21371770623597,34.96573663284727
666,0.0,181.09045624543228,378.21371770623597,34.96573663284727
667,0.0,181.09045624543228,378.21371770623597,34.96573663284727
668,0.0,181.09045624543228,378.21371770623597,34.96573663284727
669,0.0,181.09045624543228,378.21371770623597,34.96573663284727
670,0.0,181.09045624543228,378.21371770623597,34.96573663284727
671,0.0,181.09045624543228,378.21371770623597,34.96573663284727
672,0.0,259.91052975263915,354.8895052585308,5.535855000595092
673,0.0,259.91052975263915,354.8895052585308,5.535855000595092
674,0.0,259.91052975263915,354.8895052585308,5.535855000595092
675,0.0,259.91052975263915,354.8895052585308,5.535855000595092
676,0.0,259.91052975263915,354.8895052585308,5.535855000595092
677,0.0,259.91052975263915,354.8895052585308,5.535855000595092
678,0.0,259.91052975263915,354.8895052585308,5.535855000595092
679,0.0,259.91052975263915,354.8895052585308,5.535855000595092
680,0.0,259.91052975263915,354.8895052585308,5.535855000595092
681,0.0,259.91052975263915,354.8895052585308,5.535855000595092
682,0.0,259.91052975263915,354.8895052585308,5.535855000595092
683,0.0,259.91052975263915,354.8895052585308,5.535855000595092
684,0.0,259.91052975263915,354.8895052585308,5.535855000595092
685,0.0,259.91052975263915,354.8895052585308,5.535855000595092
686,0.0,259.91052975263915,354.8895052585308,5.535855000595092
687,0.0,259.91052975263915,354.8895052585308,5.535855000595092
688,0.0,259.91052975263915,354.8895052585308,5.535855000595092
689,0.0,259.91052975263915,354.8895052585308,5.535855000595092
690,0.0,259.91052975263915,354.8895052585308,5.535855000595092
691,0.0,259.91052975263915,354.8895052585308,5.535855000595092
692,0.0,259.91052975263915,354.8895052585308,5.535855000595092
693,0.0,259.91052975263915,354.8895052585308,5.535855000595092
694,0.0,259.91052975263915,354.8895052585308,5.535855000595092
695,0.0,259.91052975263915,354.8895052585308,5.535855000595092
696,0.0,813.6968691044051,321.02234861202584,43.67897315369049
697,0.0,813.6968691044051,321.02234861202584,43.67897315369049
698,0.0,813.6968691044051,321.02234861202584,43.67897315369049
699,0.0,813.6968691044051,321.02234861202584,43.67897315369049
700,0.0,813.6968691044051,321.02234861202584,43.67897315369049
701,0.0,813.6968691044051,321.02234861202584,43.67897315369049
702,0.0,813.6968691044051,321.02234861202584,43.67897315369049
703,0.0,813.6968691044051,321.02234861202584,43.67897315369049
704,0.0,813.6968691044051,321.02234861202584,43.67897315369049
705,0.0,813.6968691044051,321.02234861202584,43.67897315369049
706,0.0,813.6968691044051,321.02234861202584,43.67897315369049
707,0.0,813.6968691044051,321.02234861202584,43.67897315369049
708,0.0,813.6968691044051,321.02234861202584,43.67897315369049
709,0.0,813.6968691044051,321.02234861202584,43.67897315369049
710,0.0,813.6968691044051,321.02234861202584,43.67897315369049
711,0.0,813.6968691044051,321.02234861202584,43.67897315369049
712,0.0,813.6968691044051,321.02234861202584,43.67897315369049
713,0.0,813.6968691044051,321.02234861202584,43.67897315369049
714,0.0,813.6968691044051,321.02234861202584,43.67897315369049
715,0.0,813.6968691044051,321.02234861202584,43.67897315369049
716,0.0,813.6968691044051,321.02234861202584,43.67897315369049
717,0.0,813.6968691044051,321.02234861202584,43.67897315369049
718,0.0,813.6968691044051,321.02234861202584,43.67897315369049
719,0.0,813.6968691044051,321.02234861202584,43.67897315369049
720,0.0,721.0436121428406,384.31692734104126,1.571416229046406
721,0.0,721.0436121428406,384.31692734104126,1.571416229046406
722,0.0,721.0436121428406,384.31692734104126,1.571416229046406
723,0.0,721.0436121428406,384.31692734104126,1.571416229046406
724,0.0,721.0436121428406,384.31692734104126,1.571416229046406
725,0.0,721.0436121428406,384.31692734104126,1.571416229046406
726,0.0,721.0436121428406,384.31692734104126,1.571416229046406
727,0.0,721.0436121428406,384.31692734104126,1.571416229046406
728,0.0,721.0436121428406,384.31692734104126,1.571416229046406
729,0.0,721.0436121428406,384.31692734104126,1.571416229046406
730,0.0,721.0436121428406,384.31692734104126,1.571416229046406
731,0.0,721.0436121428406,384.31692734104126,1.571416229046406
732,0.0,721.0436121428406,384.31692734104126,1.571416229046406
733,0.0,721.0436121428406,384.31692734104126,1.571416229046406
734,0.0,721.0436121428406,384.31692734104126,1.571416229046406
735,0.0,721.0436121428406,384.31692734104126,1.571416229046406
736,0.0,721.0436121428406,384.31692734104126,1.571416229046406
737,0.0,721.0436121428406,384.31692734104126,1.571416229046406
738,0.0,721.0436121428406,384.31692734104126,1.571416229046406
739,0.0,721.0436121428406,384.31692734104126,1.571416229046406
740,0.0,721.0436121428406,384.31692734104126,1.571416229046406
741,0.0,721.0436121428406,384.31692734104126,1.571416229046406
742,0.0,721.0436121428406,384.31692734104126,1.571416229046406
743,0.0,721.0436121428406,384.31692734104126,1.571416229046406
744,0.0,648.5074191802516,389.270708020528,44.65112541538133
745,0.0,648.5074191802516,389.270708020528,44.65112541538133
746,0.0,648.5074191802516,389.270708020528,44.65112541538133
747,0.0,648.5074191802516,389.270708020528,44.65112541538133
748,0.0,648.5074191802516,389.270708020528,44.65112541538133
749,0.0,648.5074191802516,389.270708020528,44.65112541538133
750,0.0,648.5074191802516,389.270708020528,44.65112541538133
751,0.0,648.5074191802516,389.270708020528,44.65112541538133
752,0.0,648.5074191802516,389.270708020528,44.65112541538133
753,0.0,648.5074191802516,389.270708020528,44.65112541538133
754,0.0,648.5074191802516,389.270708020528,44.65112541538133
755,0.0,648.5074191802516,389.270708020528,44.65112541538133
756,0.0,648.5074191802516,389.270708020528,44.65112541538133
757,0.0,648.5074191802516,389.270708020528,44.65112541538133
758,0.0,648.5074191802516,389.270708020528,44.65112541538133
759,0.0,648.5074191802516,389.270708020528,44.65112541538133
760,0.0,648.5074191802516,389.270708020528,44.65112541538133
761,0.0,648.5074191802516,389.270708020528,44.65112541538133
762,0.0,648.5074191802516,389.270708020528,44.65112541538133
763,0.0,648.5074191802516,389.270708020528,44.65112541538133
764,0.0,648.5074191802516,389.270708020528,44.65112541538133
765,0.0,648.5074191802516,389.270708020528,44.65112541538133
766,0.0,648.5074191802516,389.270708020528,44.65112541538133
767,0.0,648.5074191802516,389.270708020528,44.65112541538133
768,0.0,765.1568738610486,392.458298556009,65.07069275051646
769,0.0,765.1568738610486,392.458298556009,65.07069275051646
770,0.0,765.1568738610486,392.458298556009,65.07069275051646
771,0.0,765.1568738610486,392.458298556009,65.07069275051646
772,0.0,765.1568738610486,392.458298556009,65.07069275051646
773,0.0,765.1568738610486,392.458298556009,65.07069275051646
774,0.0,765.1568738610486,392.458298556009,65.07069275051646
775,0.0,765.1568738610486,392.458298556009,65.07069275051646
776,0.0,765.1568738610486,392.458298556009,65.07069275051646
777,0.0,765.1568738610486,392.458298556009,65.07069275051646
778,0.0,765.1568738610486,392.458298556009,65.07069275051646
779,0.0,765.1568738610486,392.458298556009,65.07069275051646
780,0.0,765.1568738610486,392.458298556009,65.07069275051646
781,0.0,765.1568738610486,392.458298556009,65.07069275051646
782,0.0,765.1568738610486,392.458298556009,65.07069275051646
783,0.0,765.1568738610486,392.458298556009,65.07069275051646
784,0.0,765.1568738610486,392.458298556009,65.07069275051646
785,0.0,765.1568738610486,392.458298556009,65.07069275051646
786,0.0,765.1568738610486,392.458298556009,65.07069275051646
787,0.0,765.1568738610486,392.458298556009,65.07069275051646
788,0.0,765.1568738610486,392.458298556009,65.07069275051646
789,0.0,765.1568738610486,392.458298556009,65.07069275051646
790,0.0,765.1568738610486,392.458298556009,65.07069275051646
791,0.0,765.1568738610486,392.458298556009,65.07069275051646
792,0.0,789.849782797605,386.302950859069,8.948736702070022
793,0.0,789.849782797605,386.302950859069,8.948736702070022
794,0.0,789.849782797605,386.302950859069,8.948736702070022
795,0.0,789.849782797605,386.302950859069,8.948736702070022
796,0.0,789.849782797605,386.302950859069,8.948736702070022
797,0.0,789.849782797605,386.302950859069,8.948736702070022
798,0.0,789.849782797605,386.302950859069,8.948736702070022
799,0.0,789.849782797605,386.302950859069,8.948736702070022
800,0.0,789.849782797605,386.302950859069,8.948736702070022
801,0.0,789.849782797605,386.302950859069,8.948736702070022
802,0.0,789.849782797605,386.302950859069,8.948736702070022
803,0.0,789.849782797605,386.302950859069,8.948736702070022
804,0.0,789.849782797605,386.302950859069,8.948736702070022
805,0.0,789.849782797605,386.302950859069,8.948736702070022
806,0.0,789.849782797605,386.302950859069,8.948736702070022
807,0.0,789.849782797605,386.302950859069,8.948736702070022
808,0.0,789.849782797605,386.302950859069,8.948736702070022
809,0.0,789.849782797605,386.302950859069,8.948736702070022
810,0.0,789.849782797605,386.302950859069,8.948736702070022
811,0.0,789.849782797605,386.302950859069,8.948736702070022
812,0.0,789.849782797605,386.302950859069,8.948736702070022
813,0.0,789.849782797605,386.302950859069,8.948736702070022
814,0.0,789.849782797605,386.302950859069,8.948736702070022
815,0.0,789.849782797605,386.302950859069,8.948736702070022
816,0.0,237.5439777823899,377.179847017923,72.78610201003596
817,0.0,237.5439777823899,377.179847017923,72.78610201003596
818,0.0,237.5439777823899,377.179847017923,72.78610201003596
819,0.0,237.5439777823899,377.179847017923,72.78610201003596
820,0.0,237.5439777823899,377.179847017923,72.78610201003596
821,0.0,237.5439777823899,377.179847017923,72.78610201003596
822,0.0,237.5439777823899,377.179847017923,72.78610201003596
823,0.0,237.5439777823899,377.179847017923,72.78610201003596
824,0.0,237.5439777823899,377.179847017923,72.78610201003596
825,0.0,237.5439777823899,377.179847017923,72.78610201003596
826,0.0,237.5439777823899,377.179847017923,72.78610201003596
827,0.0,237.5439777823899,377.179847017923,72.78610201003596
828,0.0,237.5439777823899,377.179847017923,72.78610201003596
829,0.0,237.5439777823899,377.179847017923,72.78610201003596
830,0.0,237.5439777823899,377.179847017923,72.78610201003596
831,0.0,237.5439777823899,377.179847017923,72.78610201003596
832,0.0,237.5439777823899,377.179847017923,72.78610201003596
833,0.0,237.5439777823899,377.179847017923,72.78610201003596
834,0.0,237.5439777823899,377.179847017923,72.78610201003596
835,0.0,237.5439777823899,377.179847017923,72.78610201003596
836,0.0,237.5439777823899,377.179847017923,72.78610201003596
837,0.0,237.5439777823899,377.179847017923,72.78610201003596
838,0.0,237.5439777823899,377.179847017923,72.78610201003596
839,0.0,237.5439777823899,377.179847017923,72.78610201003596
840,0.0,631.8146645556606,373.552588717142,0.0
841,0.0,631.8146645556606,373.552588717142,0.0
842,0.0,631.8146645556606,373.552588717142,0.0
843,0.0,631.8146645556606,373.552588717142,0.0
844,0.0,631.8146645556606,373.552588717142,0.0
845,0.0,631.8146645556606,373.552588717142,0.0
846,0.0,631.8146645556606,373.552588717142,0.0
847,0.0,631.8146645556606,373.552588717142,0.0
848,0.0,631.8146645556606,373.552588717142,0.0
849,0.0,631.8146645556606,373.552588717142,0.0
850,0.0,631.8146645556606,373.552588717142,0.0
851,0.0,631.8146645556606,373.552588717142,0.0
852,0.0,631.8146645556606,373.552588717142,0.0
853,0.0,631.8146645556606,373.552588717142,0.0
854,0.0,631.8146645556606,373.552588717142,0.0
855,0.0,631.8146645556606,373.552588717142,0.0
856,0.0,631.8146645556606,373.552588717142,0.0
857,0.0,631.8146645556606,373.552588717142,0.0
858,0.0,631.8146645556606,373.552588717142,0.0
859,0.0,631.8146645556606,373.552588717142,0.0
860,0.0,631.8146645556606,373.552588717142,0.0
861,0.0,631.8146645556606,373.552588717142,0.0
862,0.0,631.8146645556606,373.552588717142,0.0
863,0.0,631.8146645556606,373.552588717142,0.0
864,0.0,171.35816523108974,370.749707857767,0.0
865,0.0,171.35816523108974,370.749707857767,0.0
866,0.0,171.35816523108974,370.749707857767,0.0
867,0.0,171.35816523108974,370.749707857767,0.0
868,0.0,171.35816523108974,370.749707857767,0.0
869,0.0,171.35816523108974,370.749707857767,0.0
870,0.0,171.35816523108974,370.749707857767,0.0
871,0.0,171.35816523108974,370.749707857767,0.0
872,0.0,171.35816523108974,370.749707857767,0.0
873,0.0,171.35816523108974,370.749707857767,0.0
874,0.0,171.35816523108974,370.749707857767,0.0
875,0.0,171.35816523108974,370.749707857767,0.0
876,0.0,171.35816523108974,370.749707857767,0.0
877,0.0,171.35816523108974,370.749707857767,0.0
878,0.0,171.35816523108974,370.749707857767,0.0
879,0.0,171.35816523108974,370.749707857767,0.0
880,0.0,171.35816523108974,370.749707857767,0.0
881,0.0,171.35816523108974,370.749707857767,0.0
882,0.0,171.35816523108974,370.749707857767,0.0
883,0.0,171.35816523108974,370.749707857767,0.0
884,0.0,171.35816523108974,370.749707857767,0.0
885,0.0,171.35816523108974,370.749707857767,0.0
886,0.0,171.35816523108974,370.749707857767,0.0
887,0.0,171.35816523108974,370.749707857767,0.0
888,0.0,487.30159204708116,371.738961601257,55.32963028424143
889,0.0,487.30159204708116,371.738961601257,55.32963028424143
890,0.0,487.30159204708116,371.738961601257,55.32963028424143
891,0.0,487.30159204708116,371.738961601257,55.32963028424143
892,0.0,487.30159204708116,371.738961601257,55.32963028424143
893,0.0,487.30159204708116,371.738961601257,55.32963028424143
894,0.0,487.30159204708116,371.738961601257,55.32963028424143
895,0.0,487.30159204708116,371.738961601257,55.32963028424143
896,0.0,487.30159204708116,371.738961601257,55.32963028424143
897,0.0,487.30159204708116,371.738961601257,55.32963028424143
898,0.0,487.30159204708116,371.738961601257,55.32963028424143
899,0.0,487.30159204708116,371.738961601257,55.32963028424143
900,0.0,487.30159204708116,371.738961601257,55.32963028424143
901,0.0,487.30159204708116,371.738961601257,55.32963028424143
902,0.0,487.30159204708116,371.738961601257,55.32963028424143
903,0.0,487.30159204708116,371.738961601257,55.32963028424143
904,0.0,487.30159204708116,371.738961601257,55.32963028424143
905,0.0,487.30159204708116,371.738961601257,55.32963028424143
906,0.0,487.30159204708116,371.738961601257,55.32963028424143
907,0.0,487.30159204708116,371.738961601257,55.32963028424143
908,0.0,487.30159204708116,371.738961601257,55.32963028424143
909,0.0,487.30159204708116,371.738961601257,55.32963028424143
910,0.0,487.30159204708116,371.738961601257,55.32963028424143
911,0.0,487.30159204708116,371.738961601257,55.32963028424143
912,0.0,463.9525311801401,372.508379936218,142.36118288051136
913,0.0,463.9525311801401,372.508379936218,142.36118288051136
914,0.0,463.9525311801401,372.508379936218,142.36118288051136
915,0.0,463.9525311801401,372.508379936218,142.36118288051136
916,0.0,463.9525311801401,372.508379936218,142.36118288051136
917,0.0,463.9525311801401,372.508379936218,142.36118288051136
918,0.0,463.9525311801401,372.508379936218,142.36118288051136
919,0.0,463.9525311801401,372.508379936218,142.36118288051136
920,0.0,463.9525311801401,372.508379936218,142.36118288051136
921,0.0,463.9525311801401,372.508379936218,142.36118288051136
922,0.0,463.9525311801401,372.508379936218,142.36118288051136
923,0.0,463.9525311801401,372.508379936218,142.36118288051136
924,0.0,463.9525311801401,372.508379936218,142.36118288051136
925,0.0,463.9525311801401,372.508379936218,142.36118288051136
926,0.0,463.9525311801401,372.508379936218,142.36118288051136
927,0.0,463.9525311801401,372.508379936218,142.36118288051136
928,0.0,463.9525311801401,372.508379936218,142.36118288051136
929,0.0,463.9525311801401,372.508379936218,142.36118288051136
930,0.0,463.9525311801401,372.508379936218,142.36118288051136
931,0.0,463.9525311801401,372.508379936218,142.36118288051136
932,0.0,463.9525311801401,372.508379936218,142.36118288051136
933,0.0,463.9525311801401,372.508379936218,142.36118288051136
934,0.0,463.9525311801401,372.508379936218,142.36118288051136
935,0.0,463.9525311801401,372.508379936218,142.36118288051136
936,0.0,545.8121142091275,379.378186861674,168.6680175189526
937,0.0,545.8121142091275,379.378186861674,168.6680175189526
938,0.0,545.8121142091275,379.378186861674,168.6680175189526
939,0.0,545.8121142091275,379.378186861674,168.6680175189526
940,0.0,545.8121142091275,379.378186861674,168.6680175189526
941,0.0,545.8121142091275,379.378186861674,168.6680175189526
942,0.0,545.8121142091275,379.378186861674,168.6680175189526
943,0.0,545.8121142091275,379.378186861674,168.6680175189526
944,0.0,545.8121142091275,379.378186861674,168.6680175189526
945,0.0,545.8121142091275,379.378186861674,168.6680175189526
946,0.0,545.8121142091275,379.378186861674,168.6680175189526
947,0.0,545.8121142091275,379.378186861674,168.6680175189526
948,0.0,545.8121142091275,379.378186861674,168.6680175189526
949,0.0,545.8121142091275,379.378186861674,168.6680175189526
950,0.0,545.8121142091275,379.378186861674,168.6680175189526
951,0.0,545.8121142091275,379.378186861674,168.6680175189526
952,0.0,545.8121142091275,379.378186861674,168.6680175189526
953,0.0,545.8121142091275,379.378186861674,168.6680175189526
954,0.0,545.8121142091275,379.378186861674,168.6680175189526
955,0.0,545.8121142091275,379.378186861674,168.6680175189526
956,0.0,545.8121142091275,379.378186861674,168.6680175189526
957,0.0,545.8121142091275,379.378186861674,168.6680175189526
958,0.0,545.8121142091275,379.378186861674,168.6680175189526
959,0.0,545.8121142091275,379.378186861674,168.6680175189526
960,0.0,312.92644821373324,386.083117485046,57.223113117786
961,0.0,312.92644821373324,386.083117485046,57.223113117786
962,0.0,312.92644821373324,386.083117485046,57.223113117786
963,0.0,312.92644821373324,386.083117485046,57.223113117786
964,0.0,312.92644821373324,386.083117485046,57.223113117786
965,0.0,312.92644821373324,386.083117485046,57.223113117786
966,0.0,312.92644821373324,386.083117485046,57.223113117786
967,0.0,312.92644821373324,386.083117485046,57.223113117786
968,0.0,312.92644821373324,386.083117485046,57.223113117786
969,0.0,312.92644821373324,386.083117485046,57.223113117786
970,0.0,312.92644821373324,386.083117485046,57.223113117786
971,0.0,312.92644821373324,386.083117485046,57.223113117786
972,0.0,312.92644821373324,386.083117485046,57.223113117786
973,0.0,312.92644821373324,386.083117485046,57.223113117786
974,0.0,312.92644821373324,386.083117485046,57.223113117786
975,0.0,312.92644821373324,386.083117485046,57.223113117786
976,0.0,312.92644821373324,386.083117485046,57.223113117786
977,0.0,312.92644821373324,386.083117485046,57.223113117786
978,0.0,312.92644821373324,386.083117485046,57.223113117786
979,0.0,312.92644821373324,386.083117485046,57.223113117786
980,0.0,312.92644821373324,386.083117485046,57.223113117786
981,0.0,312.92644821373324,386.083117485046,57.223113117786
982,0.0,312.92644821373324,386.083117485046,57.223113117786
983,0.0,312.92644821373324,386.083117485046,57.223113117786
984,0.0,302.9838215587017,389.490541394551,11.969630222951253
985,0.0,302.9838215587017,389.490541394551,11.969630222951253
986,0.0,302.9838215587017,389.490541394551,11.969630222951253
987,0.0,302.9838215587017,389.490541394551,11.969630222951253
988,0.0,302.9838215587017,389.490541394551,11.969630222951253
989,0.0,302.9838215587017,389.490541394551,11.969630222951253
990,0.0,302.9838215587017,389.490541394551,11.969630222951253
991,0.0,302.9838215587017,389.490541394551,11.969630222951253
992,0.0,302.9838215587017,389.490541394551,11.969630222951253
993,0.0,302.9838215587017,389.490541394551,11.969630222951253
994,0.0,302.9838215587017,389.490541394551,11.969630222951253
995,0.0,302.9838215587017,389.490541394551,11.969630222951253
996,0.0,302.9838215587017,389.490541394551,11.969630222951253
997,0.0,302.9838215587017,389.490541394551,11.969630222951253
998,0.0,302.9838215587017,389.490541394551,11.969630222951253
999,0.0,302.9838215587017,389.490541394551,11.969630222951253
1000,0.0,302.9838215587017,389.490541394551,11.969630222951253
1001,0.0,302.9838215587017,389.490541394551,11.969630222951253
1002,0.0,302.9838215587017,389.490541394551,11.969630222951253
1003,0.0,302.9838215587017,389.490541394551,11.969630222951253
1004,0.0,302.9838215587017,389.490541394551,11.969630222951253
1005,0.0,302.9838215587017,389.490541394551,11.969630222951253
1006,0.0,302.9838215587017,389.490541394551,11.969630222951253
1007,0.0,302.9838215587017,389.490541394551,11.969630222951253
1008,0.0,636.4792493530654,403.120237541198,112.99567795980354
1009,0.0,636.4792493530654,403.120237541198,112.99567795980354
1010,0.0,636.4792493530654,403.120237541198,112.99567795980354
1011,0.0,636.4792493530654,403.120237541198,112.99567795980354
1012,0.0,636.4792493530654,403.120237541198,112.99567795980354
1013,0.0,636.4792493530654,403.120237541198,112.99567795980354
1014,0.0,636.4792493530654,403.120237541198,112.99567795980354
1015,0.0,636.4792493530654,403.120237541198,112.99567795980354
1016,0.0,636.4792493530654,403.120237541198,112.99567795980354
1017,0.0,636.4792493530654,403.120237541198,112.99567795980354
1018,0.0,636.4792493530654,403.120237541198,112.99567795980354
1019,0.0,636.4792493530654,403.120237541198,112.99567795980354
1020,0.0,636.4792493530654,403.120237541198,112.99567795980354
1021,0.0,636.4792493530654,403.120237541198,112.99567795980354
1022,0.0,636.4792493530654,403.120237541198,112.99567795980354
1023,0.0,636.4792493530654,403.120237541198,112.99567795980354
1024,0.0,636.4792493530654,403.120237541198,112.99567795980354
1025,0.0,636.4792493530654,403.120237541198,112.99567795980354
1026,0.0,636.4792493530654,403.120237541198,112.99567795980354
1027,0.0,636.4792493530654,403.120237541198,112.99567795980354
1028,0.0,636.4792493530654,403.120237541198,112.99567795980354
1029,0.0,636.4792493530654,403.120237541198,112.99567795980354
1030,0.0,636.4792493530654,403.120237541198,112.99567795980354
1031,0.0,636.4792493530654,403.120237541198,112.99567795980354
1032,0.0,567.1154222827656,421.696193059285,103.10413749188402
1033,0.0,567.1154222827656,421.696193059285,103.10413749188402
1034,0.0,567.1154222827656,421.696193059285,103.10413749188402
1035,0.0,567.1154222827656,421.696193059285,103.10413749188402
1036,0.0,567.1154222827656,421.696193059285,103.10413749188402
1037,0.0,567.1154222827656,421.696193059285,103.10413749188402
1038,0.0,567.1154222827656,421.696193059285,103.10413749188402
1039,0.0,567.1154222827656,421.696193059285,103.10413749188402
1040,0.0,567.1154222827656,421.696193059285,103.10413749188402
1041,0.0,567.1154222827656,421.696193059285,103.10413749188402
1042,0.0,567.1154222827656,421.696193059285,103.10413749188402
1043,0.0,567.1154222827656,421.696193059285,103.10413749188402
1044,0.0,567.1154222827656,421.696193059285,103.10413749188402
1045,0.0,567.1154222827656,421.696193059285,103.10413749188402
1046,0.0,567.1154222827656,421.696193059285,103.10413749188402
1047,0.0,567.1154222827656,421.696193059285,103.10413749188402
1048,0.0,567.1154222827656,421.696193059285,103.10413749188402
1049,0.0,567.1154222827656,421.696193059285,103.10413749188402
1050,0.0,567.1154222827656,421.696193059285,103.10413749188402
1051,0.0,567.1154222827656,421.696193059285,103.10413749188402
1052,0.0,567.1154222827656,421.696193059285,103.10413749188402
1053,0.0,567.1154222827656,421.696193059285,103.10413749188402
1054,0.0,567.1154222827656,421.696193059285,103.10413749188402
1055,0.0,567.1154222827656,421.696193059285,103.10413749188402
1056,0.0,646.4667766973678,448.13120765686,0.0
1057,0.0,646.4667766973678,448.13120765686,0.0
1058,0.0,646.4667766973678,448.13120765686,0.0
1059,0.0,646.4667766973678,448.13120765686,0.0
1060,0.0,646.4667766973678,448.13120765686,0.0
1061,0.0,646.4667766973678,448.13120765686,0.0
1062,0.0,646.4667766973678,448.13120765686,0.0
1063,0.0,646.4667766973678,448.13120765686,0.0
1064,0.0,646.4667766973678,448.13120765686,0.0
1065,0.0,646.4667766973678,448.13120765686,0.0
1066,0.0,646.4667766973678,448.13120765686,0.0
1067,0.0,646.4667766973678,448.13120765686,0.0
1068,0.0,646.4667766973678,448.13120765686,0.0
1069,0.0,646.4667766973678,448.13120765686,0.0
1070,0.0,646.4667766973678,448.13120765686,0.0
1071,0.0,646.4667766973678,448.13120765686,0.0
1072,0.0,646.4667766973678,448.13120765686,0.0
1073,0.0,646.4667766973678,448.13120765686,0.0
1074,0.0,646.4667766973678,448.13120765686,0.0
1075,0.0,646.4667766973678,448.13120765686,0.0
1076,0.0,646.4667766973678,448.13120765686,0.0
1077,0.0,646.4667766973678,448.13120765686,0.0
1078,0.0,646.4667766973678,448.13120765686,0.0
1079,0.0,646.4667766973678,448.13120765686,0.0
1080,0.0,763.7647779597694,471.598465601603,60.0605111517317
1081,0.0,763.7647779597694,471.598465601603,60.0605111517317
1082,0.0,763.7647779597694,471.598465601603,60.0605111517317
1083,0.0,763.7647779597694,471.598465601603,60.0605111517317
1084,0.0,763.7647779597694,471.598465601603,60.0605111517317
1085,0.0,763.7647779597694,471.598465601603,60.0605111517317
1086,0.0,763.7647779597694,471.598465601603,60.0605111517317
1087,0.0,763.7647779597694,471.598465601603,60.0605111517317
1088,0.0,763.7647779597694,471.598465601603,60.0605111517317
1089,0.0,763.7647779597694,471.598465601603,60.0605111517317
1090,0.0,763.7647779597694,471.598465601603,60.0605111517317
1091,0.0,763.7647779597694,471.598465601603,60.0605111517317
1092,0.0,763.7647779597694,471.598465601603,60.0605111517317
1093,0.0,763.7647779597694,471.598465601603,60.0605111517317
1094,0.0,763.7647779597694,471.598465601603,60.0605111517317
1095,0.0,763.7647779597694,471.598465601603,60.0605111517317
1096,0.0,763.7647779597694,471.598465601603,60.0605111517317
1097,0.0,763.7647779597694,471.598465601603,60.0605111517317
1098,0.0,763.7647779597694,471.598465601603,60.0605111517317
1099,0.0,763.7647779597694,471.598465601603,60.0605111517317
1100,0.0,763.7647779597694,471.598465601603,60.0605111517317
1101,0.0,763.7647779597694,471.598465601603,60.0605111517317
1102,0.0,763.7647779597694,471.598465601603,60.0605111517317
1103,0.0,763.7647779597694,471.598465601603,60.0605111517317
1104,0.0,823.4423993292837,479.732316080729,63.0708785596197
1105,0.0,823.4423993292837,479.732316080729,63.0708785596197
1106,0.0,823.4423993292837,479.732316080729,63.0708785596197
1107,0.0,823.4423993292837,479.732316080729,63.0708785596197
1108,0.0,823.4423993292837,479.732316080729,63.0708785596197
1109,0.0,823.4423993292837,479.732316080729,63.0708785596197
1110,0.0,823.4423993292837,479.732316080729,63.0708785596197
1111,0.0,823.4423993292837,479.732316080729,63.0708785596197
1112,0.0,823.4423993292837,479.732316080729,63.0708785596197
1113,0.0,823.4423993292837,479.732316080729,63.0708785596197
1114,0.0,823.4423993292837,479.732316080729,63.0708785596197
1115,0.0,823.4423993292837,479.732316080729,63.0708785596197
1116,0.0,823.4423993292837,479.732316080729,63.0708785596197
1117,0.0,823.4423993292837,479.732316080729,63.0708785596197
1118,0.0,823.4423993292837,479.732316080729,63.0708785596197
1119,0.0,823.4423993292837,479.732316080729,63.0708785596197
1120,0.0,823.4423993292837,479.732316080729,63.0708785596197
1121,0.0,823.4423993292837,479.732316080729,63.0708785596197
1122,0.0,823.4423993292837,479.732316080729,63.0708785596197
1123,0.0,823.4423993292837,479.732316080729,63.0708785596197
1124,0.0,823.4423993292837,479.732316080729,63.0708785596197
1125,0.0,823.4423993292837,479.732316080729,63.0708785596197
1126,0.0,823.4423993292837,479.732316080729,63.0708785596197
1127,0.0,823.4423993292837,479.732316080729,63.0708785596197
1128,0.0,849.9723775908014,481.216194661458,0.0
1129,0.0,849.9723775908014,481.216194661458,0.0
1130,0.0,849.9723775908014,481.216194661458,0.0
1131,0.0,849.9723775908014,481.216194661458,0.0
1132,0.0,849.9723775908014,481.216194661458,0.0
1133,0.0,849.9723775908014,481.216194661458,0.0
1134,0.0,849.9723775908014,481.216194661458,0.0
1135,0.0,849.9723775908014,481.216194661458,0.0
1136,0.0,849.9723775908014,481.216194661458,0.0
1137,0.0,849.9723775908014,481.216194661458,0.0
1138,0.0,849.9723775908014,481.216194661458,0.0
1139,0.0,849.9723775908014,481.216194661458,0.0
1140,0.0,849.9723775908014,481.216194661458,0.0
1141,0.0,849.9723775908014,481.216194661458,0.0
1142,0.0,849.9723775908014,481.216194661458,0.0
1143,0.0,849.9723775908014,481.216194661458,0.0
1144,0.0,849.9723775908014,481.216194661458,0.0
1145,0.0,849.9723775908014,481.216194661458,0.0
1146,0.0,849.9723775908014,481.216194661458,0.0
1147,0.0,849.9723775908014,481.216194661458,0.0
1148,0.0,849.9723775908014,481.216194661458,0.0
1149,0.0,849.9723775908014,481.216194661458,0.0
1150,0.0,849.9723775908014,481.216194661458,0.0
1151,0.0,849.9723775908014,481.216194661458,0.0
1152,0.0,892.9850271164944,470.499296061197,169.814058558146
1153,0.0,892.9850271164944,470.499296061197,169.814058558146
1154,0.0,892.9850271164944,470.499296061197,169.814058558146
1155,0.0,892.9850271164944,470.499296061197,169.814058558146
1156,0.0,892.9850271164944,470.499296061197,169.814058558146
1157,0.0,892.9850271164944,470.499296061197,169.814058558146
1158,0.0,892.9850271164944,470.499296061197,169.814058558146
1159,0.0,892.9850271164944,470.499296061197,169.814058558146
1160,0.0,892.9850271164944,470.499296061197,169.814058558146
1161,0.0,892.9850271164944,470.499296061197,169.814058558146
1162,0.0,892.9850271164944,470.499296061197,169.814058558146
1163,0.0,892.9850271164944,470.499296061197,169.814058558146
1164,0.0,892.9850271164944,470.499296061197,169.814058558146
1165,0.0,892.9850271164944,470.499296061197,169.814058558146
1166,0.0,892.9850271164944,470.499296061197,169.814058558146
1167,0.0,892.9850271164944,470.499296061197,169.814058558146
1168,0.0,892.9850271164944,470.499296061197,169.814058558146
1169,0.0,892.9850271164944,470.499296061197,169.814058558146
1170,0.0,892.9850271164944,470.499296061197,169.814058558146
1171,0.0,892.9850271164944,470.499296061197,169.814058558146
1172,0.0,892.9850271164944,470.499296061197,169.814058558146
1173,0.0,892.9850271164944,470.499296061197,169.814058558146
1174,0.0,892.9850271164944,470.499296061197,169.814058558146
1175,0.0,892.9850271164944,470.499296061197,169.814058558146
1176,0.0,610.8303060684725,465.113368733723,0.0
1177,0.0,610.8303060684725,465.113368733723,0.0
1178,0.0,610.8303060684725,465.113368733723,0.0
1179,0.0,610.8303060684725,465.113368733723,0.0
1180,0.0,610.8303060684725,465.113368733723,0.0
1181,0.0,610.8303060684725,465.113368733723,0.0
1182,0.0,610.8303060684725,465.113368733723,0.0
1183,0.0,610.8303060684725,465.113368733723,0.0
1184,0.0,610.8303060684725,465.113368733723,0.0
1185,0.0,610.8303060684725,465.113368733723,0.0
1186,0.0,610.8303060684725,465.113368733723,0.0
1187,0.0,610.8303060684725,465.113368733723,0.0
1188,0.0,610.8303060684725,465.113368733723,0.0
1189,0.0,610.8303060684725,465.113368733723,0.0
1190,0.0,610.8303060684725,465.113368733723,0.0
1191,0.0,610.8303060684725,465.113368733723,0.0
1192,0.0,610.8303060684725,465.113368733723,0.0
1193,0.0,610.8303060684725,465.113368733723,0.0
1194,0.0,610.8303060684725,465.113368733723,0.0
1195,0.0,610.8303060684725,465.113368733723,0.0
1196,0.0,610.8303060684725,465.113368733723,0.0
1197,0.0,610.8303060684725,465.113368733723,0.0
1198,0.0,610.8303060684725,465.113368733723,0.0
1199,0.0,610.8303060684725,465.113368733723,0.0
1200,0.0,253.06815395145645,465.827827962239,77.44489462962525
1201,0.0,253.06815395145645,465.827827962239,77.44489462962525
1202,0.0,253.06815395145645,465.827827962239,77.44489462962525
1203,0.0,253.06815395145645,465.827827962239,77.44489462962525
1204,0.0,253.06815395145645,465.827827962239,77.44489462962525
1205,0.0,253.06815395145645,465.827827962239,77.44489462962525
1206,0.0,253.06815395145645,465.827827962239,77.44489462962525
1207,0.0,253.06815395145645,465.827827962239,77.44489462962525
1208,0.0,253.06815395145645,465.827827962239,77.44489462962525
1209,0.0,253.06815395145645,465.827827962239,77.44489462962525
1210,0.0,253.06815395145645,465.827827962239,77.44489462962525
1211,0.0,253.06815395145645,465.827827962239,77.44489462962525
1212,0.0,253.06815395145645,465.827827962239,77.44489462962525
1213,0.0,253.06815395145645,465.827827962239,77.44489462962525
1214,0.0,253.06815395145645,465.827827962239,77.44489462962525
1215,0.0,253.06815395145645,465.827827962239,77.44489462962525
1216,0.0,253.06815395145645,465.827827962239,77.44489462962525
1217,0.0,253.06815395145645,465.827827962239,77.44489462962525
1218,0.0,253.06815395145645,465.827827962239,77.44489462962525
1219,0.0,253.06815395145645,465.827827962239,77.44489462962525
1220,0.0,253.06815395145645,465.827827962239,77.44489462962525
1221,0.0,253.06815395145645,465.827827962239,77.44489462962525
1222,0.0,253.06815395145645,465.827827962239,77.44489462962525
1223,0.0,253.06815395145645,465.827827962239,77.44489462962525
1224,0.0,178.6754680002539,470.609214274088,127.1168613453543
1225,0.0,178.6754680002539,470.609214274088,127.1168613453543
1226,0.0,178.6754680002539,470.609214274088,127.1168613453543
1227,0.0,178.6754680002539,470.609214274088,127.1168613453543
1228,0.0,178.6754680002539,470.609214274088,127.1168613453543
1229,0.0,178.6754680002539,470.609214274088,127.1168613453543
1230,0.0,178.6754680002539,470.609214274088,127.1168613453543
1231,0.0,178.6754680002539,470.609214274088,127.1168613453543
1232,0.0,178.6754680002539,470.609214274088,127.1168613453543
1233,0.0,178.6754680002539,470.609214274088,127.1168613453543
1234,0.0,178.6754680002539,470.609214274088,127.1168613453543
1235,0.0,178.6754680002539,470.609214274088,127.1168613453543
1236,0.0,178.6754680002539,470.609214274088,127.1168613453543
1237,0.0,178.6754680002539,470.609214274088,127.1168613453543
1238,0.0,178.6754680002539,470.609214274088,127.1168613453543
1239,0.0,178.6754680002539,470.609214274088,127.1168613453543
1240,0.0,178.6754680002539,470.609214274088,127.1168613453543
1241,0.0,178.6754680002539,470.609214274088,127.1168613453543
1242,0.0,178.6754680002539,470.609214274088,127.1168613453543
1243,0.0,178.6754680002539,470.609214274088,127.1168613453543
1244,0.0,178.6754680002539,470.609214274088,127.1168613453543
1245,0.0,178.6754680002539,470.609214274088,127.1168613453543
1246,0.0,178.6754680002539,470.609214274088,127.1168613453543
1247,0.0,178.6754680002539,470.609214274088,127.1168613453543
1248,0.0,590.3210974819376,461.596028137207,97.50641856775894
1249,0.0,590.3210974819376,461.596028137207,97.50641856775894
1250,0.0,590.3210974819376,461.596028137207,97.50641856775894
1251,0.0,590.3210974819376,461.596028137207,97.50641856775894
1252,0.0,590.3210974819376,461.596028137207,97.50641856775894
1253,0.0,590.3210974819376,461.596028137207,97.50641856775894
1254,0.0,590.3210974819376,461.596028137207,97.50641856775894
1255,0.0,590.3210974819376,461.596028137207,97.50641856775894
1256,0.0,590.3210974819376,461.596028137207,97.50641856775894
1257,0.0,590.3210974819376,461.596028137207,97.50641856775894
1258,0.0,590.3210974819376,461.596028137207,97.50641856775894
1259,0.0,590.3210974819376,461.596028137207,97.50641856775894
1260,0.0,590.3210974819376,461.596028137207,97.50641856775894
1261,0.0,590.3210974819376,461.596028137207,97.50641856775894
1262,0.0,590.3210974819376,461.596028137207,97.50641856775894
1263,0.0,590.3210974819376,461.596028137207,97.50641856775894
1264,0.0,590.3210974819376,461.596028137207,97.50641856775894
1265,0.0,590.3210974819376,461.596028137207,97.50641856775894
1266,0.0,590.3210974819376,461.596028137207,97.50641856775894
1267,0.0,590.3210974819376,461.596028137207,97.50641856775894
1268,0.0,590.3210974819376,461.596028137207,97.50641856775894
1269,0.0,590.3210974819376,461.596028137207,97.50641856775894
1270,0.0,590.3210974819376,461.596028137207,97.50641856775894
1271,0.0,590.3210974819376,461.596028137207,97.50641856775894
1272,0.0,358.411659769333,456.924560038248,0.0
1273,0.0,358.411659769333,456.924560038248,0.0
1274,0.0,358.411659769333,456.924560038248,0.0
1275,0.0,358.411659769333,456.924560038248,0.0
1276,0.0,358.411659769333,456.924560038248,0.0
1277,0.0,358.411659769333,456.924560038248,0.0
1278,0.0,358.411659769333,456.924560038248,0.0
1279,0.0,358.411659769333,456.924560038248,0.0
1280,0.0,358.411659769333,456.924560038248,0.0
1281,0.0,358.411659769333,456.924560038248,0.0
1282,0.0,358.411659769333,456.924560038248,0.0
1283,0.0,358.411659769333,456.924560038248,0.0
1284,0.0,358.411659769333,456.924560038248,0.0
1285,0.0,358.411659769333,456.924560038248,0.0
1286,0.0,358.411659769333,456.924560038248,0.0
1287,0.0,358.411659769333,456.924560038248,0.0
1288,0.0,358.411659769333,456.924560038248,0.0
1289,0.0,358.411659769333,456.924560038248,0.0
1290,0.0,358.411659769333,456.924560038248,0.0
1291,0.0,358.411659769333,456.924560038248,0.0
1292,0.0,358.411659769333,456.924560038248,0.0
1293,0.0,358.411659769333,456.924560038248,0.0
1294,0.0,358.411659769333,456.924560038248,0.0
1295,0.0,358.411659769333,456.924560038248,0.0
1296,0.0,435.71016887722135,466.157579549153,65.7027972098056
1297,0.0,435.71016887722135,466.157579549153,65.7027972098056
1298,0.0,435.71016887722135,466.157579549153,65.7027972098056
1299,0.0,435.71016887722135,466.157579549153,65.7027972098056
1300,0.0,435.71016887722135,466.157579549153,65.7027972098056
1301,0.0,435.71016887722135,466.157579549153,65.7027972098056
1302,0.0,435.71016887722135,466.157579549153,65.7027972098056
1303,0.0,435.71016887722135,466.157579549153,65.7027972098056
1304,0.0,435.71016887722135,466.157579549153,65.7027972098056
1305,0.0,435.71016887722135,466.157579549153,65.7027972098056
1306,0.0,435.71016887722135,466.157579549153,65.7027972098056
1307,0.0,435.71016887722135,466.157579549153,65.7027972098056
1308,0.0,435.71016887722135,466.157579549153,65.7027972098056
1309,0.0,435.71016887722135,466.157579549153,65.7027972098056
1310,0.0,435.71016887722135,466.157579549153,65.7027972098056
1311,0.0,435.71016887722135,466.157579549153,65.7027972098056
1312,0.0,435.71016887722135,466.157579549153,65.7027972098056
1313,0.0,435.71016887722135,466.157579549153,65.7027972098056
1314,0.0,435.71016887722135,466.157579549153,65.7027972098056
1315,0.0,435.71016887722135,466.157579549153,65.7027972098056
1316,0.0,435.71016887722135,466.157579549153,65.7027972098056
1317,0.0,435.71016887722135,466.157579549153,65.7027972098056
1318,0.0,435.71016887722135,466.157579549153,65.7027972098056
1319,0.0,435.71016887722135,466.157579549153,65.7027972098056
1320,0.0,636.9981320181075,464.838576253255,92.55799101243909
1321,0.0,636.9981320181075,464.838576253255,92.55799101243909
1322,0.0,636.9981320181075,464.838576253255,92.55799101243909
1323,0.0,636.9981320181075,464.838576253255,92.55799101243909
1324,0.0,636.9981320181075,464.838576253255,92.55799101243909
1325,0.0,636.9981320181075,464.838576253255,92.55799101243909
1326,0.0,636.9981320181075,464.838576253255,92.55799101243909
1327,0.0,636.9981320181075,464.838576253255,92.55799101243909
1328,0.0,636.9981320181075,464.838576253255,92.55799101243909
1329,0.0,636.9981320181075,464.838576253255,92.55799101243909
1330,0.0,636.9981320181075,464.838576253255,92.55799101243909
1331,0.0,636.9981320181075,464.838576253255,92.55799101243909
1332,0.0,636.9981320181075,464.838576253255,92.55799101243909
1333,0.0,636.9981320181075,464.838576253255,92.55799101243909
1334,0.0,636.9981320181075,464.838576253255,92.55799101243909
1335,0.0,636.9981320181075,464.838576253255,92.55799101243909
1336,0.0,636.9981320181075,464.838576253255,92.55799101243909
1337,0.0,636.9981320181075,464.838576253255,92.55799101243909
1338,0.0,636.9981320181075,464.838576253255,92.55799101243909
1339,0.0,636.9981320181075,464.838576253255,92.55799101243909
1340,0.0,636.9981320181075,464.838576253255,92.55799101243909
1341,0.0,636.9981320181075,464.838576253255,92.55799101243909
1342,0.0,636.9981320181075,464.838576253255,92.55799101243909
1343,0.0,636.9981320181075,464.838576253255,92.55799101243909
1344,0.0,353.92857361930714,465.333203125,171.747709655761
1345,0.0,353.92857361930714,465.333203125,171.747709655761
1346,0.0,353.92857361930714,465.333203125,171.747709655761
1347,0.0,353.92857361930714,465.333203125,171.747709655761
1348,0.0,353.92857361930714,465.333203125,171.747709655761
1349,0.0,353.92857361930714,465.333203125,171.747709655761
1350,0.0,353.92857361930714,465.333203125,171.747709655761
1351,0.0,353.92857361930714,465.333203125,171.747709655761
1352,0.0,353.92857361930714,465.333203125,171.747709655761
1353,0.0,353.92857361930714,465.333203125,171.747709655761
1354,0.0,353.92857361930714,465.333203125,171.747709655761
1355,0.0,353.92857361930714,465.333203125,171.747709655761
1356,0.0,353.92857361930714,465.333203125,171.747709655761
1357,0.0,353.92857361930714,465.333203125,171.747709655761
1358,0.0,353.92857361930714,465.333203125,171.747709655761
1359,0.0,353.92857361930714,465.333203125,171.747709655761
1360,0.0,353.92857361930714,465.333203125,171.747709655761
1361,0.0,353.92857361930714,465.333203125,171.747709655761
1362,0.0,353.92857361930714,465.333203125,171.747709655761
1363,0.0,353.92857361930714,465.333203125,171.747709655761
1364,0.0,353.92857361930714,465.333203125,171.747709655761
1365,0.0,353.92857361930714,465.333203125,171.747709655761
1366,0.0,353.92857361930714,465.333203125,171.747709655761
1367,0.0,353.92857361930714,465.333203125,171.747709655761
1368,0.0,0.0,468.905502319335,90.18044404506216
1369,0.0,0.0,468.905502319335,90.18044404506216
1370,0.0,0.0,468.905502319335,90.18044404506216
1371,0.0,0.0,468.905502319335,90.18044404506216
1372,0.0,0.0,468.905502319335,90.18044404506216
1373,0.0,0.0,468.905502319335,90.18044404506216
1374,0.0,0.0,468.905502319335,90.18044404506216
1375,0.0,0.0,468.905502319335,90.18044404506216
1376,0.0,0.0,468.905502319335,90.18044404506216
1377,0.0,0.0,468.905502319335,90.18044404506216
1378,0.0,0.0,468.905502319335,90.18044404506216
1379,0.0,0.0,468.905502319335,90.18044404506216
1380,0.0,0.0,468.905502319335,90.18044404506216
1381,0.0,0.0,468.905502319335,90.18044404506216
1382,0.0,0.0,468.905502319335,90.18044404506216
1383,0.0,0.0,468.905502319335,90.18044404506216
1384,0.0,0.0,468.905502319335,90.18044404506216
1385,0.0,0.0,468.905502319335,90.18044404506216
1386,0.0,0.0,468.905502319335,90.18044404506216
1387,0.0,0.0,468.905502319335,90.18044404506216
1388,0.0,0.0,468.905502319335,90.18044404506216
1389,0.0,0.0,468.905502319335,90.18044404506216
1390,0.0,0.0,468.905502319335,90.18044404506216
1391,0.0,0.0,468.905502319335,90.18044404506216
1392,0.0,175.53099496953632,471.818300374348,42.61475317070628
1393,0.0,175.53099496953632,471.818300374348,42.61475317070628
1394,0.0,175.53099496953632,471.818300374348,42.61475317070628
1395,0.0,175.53099496953632,471.818300374348,42.61475317070628
1396,0.0,175.53099496953632,471.818300374348,42.61475317070628
1397,0.0,175.53099496953632,471.818300374348,42.61475317070628
1398,0.0,175.53099496953632,471.818300374348,42.61475317070628
1399,0.0,175.53099496953632,471.818300374348,42.61475317070628
1400,0.0,175.53099496953632,471.818300374348,42.61475317070628
1401,0.0,175.53099496953632,471.818300374348,42.61475317070628
1402,0.0,175.53099496953632,471.818300374348,42.61475317070628
1403,0.0,175.53099496953632,471.818300374348,42.61475317070628
1404,0.0,175.53099496953632,471.818300374348,42.61475317070628
1405,0.0,175.53099496953632,471.818300374348,42.61475317070628
1406,0.0,175.53099496953632,471.818300374348,42.61475317070628
1407,0.0,175.53099496953632,471.818300374348,42.61475317070628
1408,0.0,175.53099496953632,471.818300374348,42.61475317070628
1409,0.0,175.53099496953632,471.818300374348,42.61475317070628
1410,0.0,175.53099496953632,471.818300374348,42.61475317070628
1411,0.0,175.53099496953632,471.818300374348,42.61475317070628
1412,0.0,175.53099496953632,471.818300374348,42.61475317070628
1413,0.0,175.53099496953632,471.818300374348,42.61475317070628
1414,0.0,175.53099496953632,471.818300374348,42.61475317070628
1415,0.0,175.53099496953632,471.818300374348,42.61475317070628
1416,0.0,99.86658933211152,470.389379882812,0.0
1417,0.0,99.86658933211152,470.389379882812,0.0
1418,0.0,99.86658933211152,470.389379882812,0.0
1419,0.0,99.86658933211152,470.389379882812,0.0
1420,0.0,99.86658933211152,470.389379882812,0.0
1421,0.0,99.86658933211152,470.389379882812,0.0
1422,0.0,99.86658933211152,470.389379882812,0.0
1423,0.0,99.86658933211152,470.389379882812,0.0
1424,0.0,99.86658933211152,470.389379882812,0.0
1425,0.0,99.86658933211152,470.389379882812,0.0
1426,0.0,99.86658933211152,470.389379882812,0.0
1427,0.0,99.86658933211152,470.389379882812,0.0
1428,0.0,99.86658933211152,470.389379882812,0.0
1429,0.0,99.86658933211152,470.389379882812,0.0
1430,0.0,99.86658933211152,470.389379882812,0.0
1431,0.0,99.86658933211152,470.389379882812,0.0
1432,0.0,99.86658933211152,470.389379882812,0.0
1433,0.0,99.86658933211152,470.389379882812,0.0
1434,0.0,99.86658933211152,470.389379882812,0.0
1435,0.0,99.86658933211152,470.389379882812,0.0
1436,0.0,99.86658933211152,470.389379882812,0.0
1437,0.0,99.86658933211152,470.389379882812,0.0
1438,0.0,99.86658933211152,470.389379882812,0.0
1439,0.0,99.86658933211152,470.389379882812,0.0
1440,0.0,201.21468029868174,478.85298055013,0.0
1441,0.0,201.21468029868174,478.85298055013,0.0
1442,0.0,201.21468029868174,478.85298055013,0.0
1443,0.0,201.21468029868174,478.85298055013,0.0
1444,0.0,201.21468029868174,478.85298055013,0.0
1445,0.0,201.21468029868174,478.85298055013,0.0
1446,0.0,201.21468029868174,478.85298055013,0.0
1447,0.0,201.21468029868174,478.85298055013,0.0
1448,0.0,201.21468029868174,478.85298055013,0.0
1449,0.0,201.21468029868174,478.85298055013,0.0
1450,0.0,201.21468029868174,478.85298055013,0.0
1451,0.0,201.21468029868174,478.85298055013,0.0
1452,0.0,201.21468029868174,478.85298055013,0.0
1453,0.0,201.21468029868174,478.85298055013,0.0
1454,0.0,201.21468029868174,478.85298055013,0.0
1455,0.0,201.21468029868174,478.85298055013,0.0
1456,0.0,201.21468029868174,478.85298055013,0.0
1457,0.0,201.21468029868174,478.85298055013,0.0
1458,0.0,201.21468029868174,478.85298055013,0.0
1459,0.0,201.21468029868174,478.85298055013,0.0
1460,0.0,201.21468029868174,478.85298055013,0.0
1461,0.0,201.21468029868174,478.85298055013,0.0
1462,0.0,201.21468029868174,478.85298055013,0.0
1463,0.0,201.21468029868174,478.85298055013,0.0
1464,0.0,56.556019084782065,480.501733398437,0.0
1465,0.0,56.556019084782065,480.501733398437,0.0
1466,0.0,56.556019084782065,480.501733398437,0.0
1467,0.0,56.556019084782065,480.501733398437,0.0
1468,0.0,56.556019084782065,480.501733398437,0.0
1469,0.0,56.556019084782065,480.501733398437,0.0
1470,0.0,56.556019084782065,480.501733398437,0.0
1471,0.0,56.556019084782065,480.501733398437,0.0
1472,0.0,56.556019084782065,480.501733398437,0.0
1473,0.0,56.556019084782065,480.501733398437,0.0
1474,0.0,56.556019084782065,480.501733398437,0.0
1475,0.0,56.556019084782065,480.501733398437,0.0
1476,0.0,56.556019084782065,480.501733398437,0.0
1477,0.0,56.556019084782065,480.501733398437,0.0
1478,0.0,56.556019084782065,480.501733398437,0.0
1479,0.0,56.556019084782065,480.501733398437,0.0
1480,0.0,56.556019084782065,480.501733398437,0.0
1481,0.0,56.556019084782065,480.501733398437,0.0
1482,0.0,56.556019084782065,480.501733398437,0.0
1483,0.0,56.556019084782065,480.501733398437,0.0
1484,0.0,56.556019084782065,480.501733398437,0.0
1485,0.0,56.556019084782065,480.501733398437,0.0
1486,0.0,56.556019084782065,480.501733398437,0.0
1487,0.0,56.556019084782065,480.501733398437,0.0
1488,0.0,406.870198488361,481.16123453776,0.0
1489,0.0,406.870198488361,481.16123453776,0.0
1490,0.0,406.870198488361,481.16123453776,0.0
1491,0.0,406.870198488361,481.16123453776,0.0
1492,0.0,406.870198488361,481.16123453776,0.0
1493,0.0,406.870198488361,481.16123453776,0.0
1494,0.0,406.870198488361,481.16123453776,0.0
1495,0.0,406.870198488361,481.16123453776,0.0
1496,0.0,406.870198488361,481.16123453776,0.0
1497,0.0,406.870198488361,481.16123453776,0.0
1498,0.0,406.870198488361,481.16123453776,0.0
1499,0.0,406.870198488361,481.16123453776,0.0
1500,0.0,406.870198488361,481.16123453776,0.0
1501,0.0,406.870198488361,481.16123453776,0.0
1502,0.0,406.870198488361,481.16123453776,0.0
1503,0.0,406.870198488361,481.16123453776,0.0
1504,0.0,406.870198488361,481.16123453776,0.0
1505,0.0,406.870198488361,481.16123453776,0.0
1506,0.0,406.870198488361,481.16123453776,0.0
1507,0.0,406.870198488361,481.16123453776,0.0
1508,0.0,406.870198488361,481.16123453776,0.0
1509,0.0,406.870198488361,481.16123453776,0.0
1510,0.0,406.870198488361,481.16123453776,0.0
1511,0.0,406.870198488361,481.16123453776,0.0
1512,0.0,515.8944800283014,486.492204793294,0.0
1513,0.0,515.8944800283014,486.492204793294,0.0
1514,0.0,515.8944800283014,486.492204793294,0.0
1515,0.0,515.8944800283014,486.492204793294,0.0
1516,0.0,515.8944800283014,486.492204793294,0.0
1517,0.0,515.8944800283014,486.492204793294,0.0
1518,0.0,515.8944800283014,486.492204793294,0.0
1519,0.0,515.8944800283014,486.492204793294,0.0
1520,0.0,515.8944800283014,486.492204793294,0.0
1521,0.0,515.8944800283014,486.492204793294,0.0
1522,0.0,515.8944800283014,486.492204793294,0.0
1523,0.0,515.8944800283014,486.492204793294,0.0
1524,0.0,515.8944800283014,486.492204793294,0.0
1525,0.0,515.8944800283014,486.492204793294,0.0
1526,0.0,515.8944800283014,486.492204793294,0.0
1527,0.0,515.8944800283014,486.492204793294,0.0
1528,0.0,515.8944800283014,486.492204793294,0.0
1529,0.0,515.8944800283014,486.492204793294,0.0
1530,0.0,515.8944800283014,486.492204793294,0.0
1531,0.0,515.8944800283014,486.492204793294,0.0
1532,0.0,515.8944800283014,486.492204793294,0.0
1533,0.0,515.8944800283014,486.492204793294,0.0
1534,0.0,515.8944800283014,486.492204793294,0.0
1535,0.0,515.8944800283014,486.492204793294,0.0
1536,0.0,746.2474727948588,483.139739990234,0.0
1537,0.0,746.2474727948588,483.139739990234,0.0
1538,0.0,746.2474727948588,483.139739990234,0.0
1539,0.0,746.2474727948588,483.139739990234,0.0
1540,0.0,746.2474727948588,483.139739990234,0.0
1541,0.0,746.2474727948588,483.139739990234,0.0
1542,0.0,746.2474727948588,483.139739990234,0.0
1543,0.0,746.2474727948588,483.139739990234,0.0
1544,0.0,746.2474727948588,483.139739990234,0.0
1545,0.0,746.2474727948588,483.139739990234,0.0
1546,0.0,746.2474727948588,483.139739990234,0.0
1547,0.0,746.2474727948588,483.139739990234,0.0
1548,0.0,746.2474727948588,483.139739990234,0.0
1549,0.0,746.2474727948588,483.139739990234,0.0
1550,0.0,746.2474727948588,483.139739990234,0.0
1551,0.0,746.2474727948588,483.139739990234,0.0
1552,0.0,746.2474727948588,483.139739990234,0.0
1553,0.0,746.2474727948588,483.139739990234,0.0
1554,0.0,746.2474727948588,483.139739990234,0.0
1555,0.0,746.2474727948588,483.139739990234,0.0
1556,0.0,746.2474727948588,483.139739990234,0.0
1557,0.0,746.2474727948588,483.139739990234,0.0
1558,0.0,746.2474727948588,483.139739990234,0.0
1559,0.0,746.2474727948588,483.139739990234,0.0
1560,0.0,625.5656151051976,476.874477132161,0.0
1561,0.0,625.5656151051976,476.874477132161,0.0
1562,0.0,625.5656151051976,476.874477132161,0.0
1563,0.0,625.5656151051976,476.874477132161,0.0
1564,0.0,625.5656151051976,476.874477132161,0.0
1565,0.0,625.5656151051976,476.874477132161,0.0
1566,0.0,625.5656151051976,476.874477132161,0.0
1567,0.0,625.5656151051976,476.874477132161,0.0
1568,0.0,625.5656151051976,476.874477132161,0.0
1569,0.0,625.5656151051976,476.874477132161,0.0
1570,0.0,625.5656151051976,476.874477132161,0.0
1571,0.0,625.5656151051976,476.874477132161,0.0
1572,0.0,625.5656151051976,476.874477132161,0.0
1573,0.0,625.5656151051976,476.874477132161,0.0
1574,0.0,625.5656151051976,476.874477132161,0.0
1575,0.0,625.5656151051976,476.874477132161,0.0
1576,0.0,625.5656151051976,476.874477132161,0.0
1577,0.0,625.5656151051976,476.874477132161,0.0
1578,0.0,625.5656151051976,476.874477132161,0.0
1579,0.0,625.5656151051976,476.874477132161,0.0
1580,0.0,625.5656151051976,476.874477132161,0.0
1581,0.0,625.5656151051976,476.874477132161,0.0
1582,0.0,625.5656151051976,476.874477132161,0.0
1583,0.0,625.5656151051976,476.874477132161,0.0
1584,0.0,1084.0366524506342,479.182732137044,25.496158212995795
1585,0.0,1084.0366524506342,479.182732137044,25.496158212995795
1586,0.0,1084.0366524506342,479.182732137044,25.496158212995795
1587,0.0,1084.0366524506342,479.182732137044,25.496158212995795
1588,0.0,1084.0366524506342,479.182732137044,25.496158212995795
1589,0.0,1084.0366524506342,479.182732137044,25.496158212995795
1590,0.0,1084.0366524506342,479.182732137044,25.496158212995795
1591,0.0,1084.0366524506342,479.182732137044,25.496158212995795
1592,0.0,1084.0366524506342,479.182732137044,25.496158212995795
1593,0.0,1084.0366524506342,479.182732137044,25.496158212995795
1594,0.0,1084.0366524506342,479.182732137044,25.496158212995795
1595,0.0,1084.0366524506342,479.182732137044,25.496158212995795
1596,0.0,1084.0366524506342,479.182732137044,25.496158212995795
1597,0.0,1084.0366524506342,479.182732137044,25.496158212995795
1598,0.0,1084.0366524506342,479.182732137044,25.496158212995795
1599,0.0,1084.0366524506342,479.182732137044,25.496158212995795
1600,0.0,1084.0366524506342,479.182732137044,25.496158212995795
1601,0.0,1084.0366524506342,479.182732137044,25.496158212995795
1602,0.0,1084.0366524506342,479.182732137044,25.496158212995795
1603,0.0,1084.0366524506342,479.182732137044,25.496158212995795
1604,0.0,1084.0366524506342,479.182732137044,25.496158212995795
1605,0.0,1084.0366524506342,479.182732137044,25.496158212995795
1606,0.0,1084.0366524506342,479.182732137044,25.496158212995795
1607,0.0,1084.0366524506342,479.182732137044,25.496158212995795
1608,0.0,795.6462712591926,471.213756306966,28.29451963964533
1609,0.0,795.6462712591926,471.213756306966,28.29451963964533
1610,0.0,795.6462712591926,471.213756306966,28.29451963964533
1611,0.0,795.6462712591926,471.213756306966,28.29451963964533
1612,0.0,795.6462712591926,471.213756306966,28.29451963964533
1613,0.0,795.6462712591926,471.213756306966,28.29451963964533
1614,0.0,795.6462712591926,471.213756306966,28.29451963964533
1615,0.0,795.6462712591926,471.213756306966,28.29451963964533
1616,0.0,795.6462712591926,471.213756306966,28.29451963964533
1617,0.0,795.6462712591926,471.213756306966,28.29451963964533
1618,0.0,795.6462712591926,471.213756306966,28.29451963964533
1619,0.0,795.6462712591926,471.213756306966,28.29451963964533
1620,0.0,795.6462712591926,471.213756306966,28.29451963964533
1621,0.0,795.6462712591926,471.213756306966,28.29451963964533
1622,0.0,795.6462712591926,471.213756306966,28.29451963964533
1623,0.0,795.6462712591926,471.213756306966,28.29451963964533
1624,0.0,795.6462712591926,471.213756306966,28.29451963964533
1625,0.0,795.6462712591926,471.213756306966,28.29451963964533
1626,0.0,795.6462712591926,471.213756306966,28.29451963964533
1627,0.0,795.6462712591926,471.213756306966,28.29451963964533
1628,0.0,795.6462712591926,471.213756306966,28.29451963964533
1629,0.0,795.6462712591926,471.213756306966,28.29451963964533
1630,0.0,795.6462712591926,471.213756306966,28.29451963964533
1631,0.0,795.6462712591926,471.213756306966,28.29451963964533
1632,0.0,760.0598504572554,470.829047648111,0.0
1633,0.0,760.0598504572554,470.829047648111,0.0
1634,0.0,760.0598504572554,470.829047648111,0.0
1635,0.0,760.0598504572554,470.829047648111,0.0
1636,0.0,760.0598504572554,470.829047648111,0.0
1637,0.0,760.0598504572554,470.829047648111,0.0
1638,0.0,760.0598504572554,470.829047648111,0.0
1639,0.0,760.0598504572554,470.829047648111,0.0
1640,0.0,760.0598504572554,470.829047648111,0.0
1641,0.0,760.0598504572554,470.829047648111,0.0
1642,0.0,760.0598504572554,470.829047648111,0.0
1643,0.0,760.0598504572554,470.829047648111,0.0
1644,0.0,760.0598504572554,470.829047648111,0.0
1645,0.0,760.0598504572554,470.829047648111,0.0
1646,0.0,760.0598504572554,470.829047648111,0.0
1647,0.0,760.0598504572554,470.829047648111,0.0
1648,0.0,760.0598504572554,470.829047648111,0.0
1649,0.0,760.0598504572554,470.829047648111,0.0
1650,0.0,760.0598504572554,470.829047648111,0.0
1651,0.0,760.0598504572554,470.829047648111,0.0
1652,0.0,760.0598504572554,470.829047648111,0.0
1653,0.0,760.0598504572554,470.829047648111,0.0
1654,0.0,760.0598504572554,470.829047648111,0.0
1655,0.0,760.0598504572554,470.829047648111,0.0
1656,0.0,753.169391517321,467.916248575846,42.12385544575801
1657,0.0,753.169391517321,467.916248575846,42.12385544575801
1658,0.0,753.169391517321,467.916248575846,42.12385544575801
1659,0.0,753.169391517321,467.916248575846,42.12385544575801
1660,0.0,753.169391517321,467.916248575846,42.12385544575801
1661,0.0,753.169391517321,467.916248575846,42.12385544575801
1662,0.0,753.169391517321,467.916248575846,42.12385544575801
1663,0.0,753.169391517321,467.916248575846,42.12385544575801
1664,0.0,753.169391517321,467.916248575846,42.12385544575801
1665,0.0,753.169391517321,467.916248575846,42.12385544575801
1666,0.0,753.169391517321,467.916248575846,42.12385544575801
1667,0.0,753.169391517321,467.916248575846,42.12385544575801
1668,0.0,753.169391517321,467.916248575846,42.12385544575801
1669,0.0,753.169391517321,467.916248575846,42.12385544575801
1670,0.0,753.169391517321,467.916248575846,42.12385544575801
1671,0.0,753.169391517321,467.916248575846,42.12385544575801
1672,0.0,753.169391517321,467.916248575846,42.12385544575801
1673,0.0,753.169391517321,467.916248575846,42.12385544575801
1674,0.0,753.169391517321,467.916248575846,42.12385544575801
1675,0.0,753.169391517321,467.916248575846,42.12385544575801
1676,0.0,753.169391517321,467.916248575846,42.12385544575801
1677,0.0,753.169391517321,467.916248575846,42.12385544575801
1678,0.0,753.169391517321,467.916248575846,42.12385544575801
1679,0.0,753.169391517321,467.916248575846,42.12385544575801
1680,0.0,1669.0151656927746,476.544726562499,105.23191517744601
1681,0.0,1669.0151656927746,476.544726562499,105.23191517744601
1682,0.0,1669.0151656927746,476.544726562499,105.23191517744601
1683,0.0,1669.0151656927746,476.544726562499,105.23191517744601
1684,0.0,1669.0151656927746,476.544726562499,105.23191517744601
1685,0.0,1669.0151656927746,476.544726562499,105.23191517744601
1686,0.0,1669.0151656927746,476.544726562499,105.23191517744601
1687,0.0,1669.0151656927746,476.544726562499,105.23191517744601
1688,0.0,1669.0151656927746,476.544726562499,105.23191517744601
1689,0.0,1669.0151656927746,476.544726562499,105.23191517744601
1690,0.0,1669.0151656927746,476.544726562499,105.23191517744601
1691,0.0,1669.0151656927746,476.544726562499,105.23191517744601
1692,0.0,1669.0151656927746,476.544726562499,105.23191517744601
1693,0.0,1669.0151656927746,476.544726562499,105.23191517744601
1694,0.0,1669.0151656927746,476.544726562499,105.23191517744601
1695,0.0,1669.0151656927746,476.544726562499,105.23191517744601
1696,0.0,1669.0151656927746,476.544726562499,105.23191517744601
1697,0.0,1669.0151656927746,476.544726562499,105.23191517744601
1698,0.0,1669.0151656927746,476.544726562499,105.23191517744601
1699,0.0,1669.0151656927746,476.544726562499,105.23191517744601
1700,0.0,1669.0151656927746,476.544726562499,105.23191517744601
1701,0.0,1669.0151656927746,476.544726562499,105.23191517744601
1702,0.0,1669.0151656927746,476.544726562499,105.23191517744601
1703,0.0,1669.0151656927746,476.544726562499,105.23191517744601
1704,0.0,1604.2765431461971,479.567441813151,135.601178487141
1705,0.0,1604.2765431461971,479.567441813151,135.601178487141
1706,0.0,1604.2765431461971,479.567441813151,135.601178487141
1707,0.0,1604.2765431461971,479.567441813151,135.601178487141
1708,0.0,1604.2765431461971,479.567441813151,135.601178487141
1709,0.0,1604.2765431461971,479.567441813151,135.601178487141
1710,0.0,1604.2765431461971,479.567441813151,135.601178487141
1711,0.0,1604.2765431461971,479.567441813151,135.601178487141
1712,0.0,1604.2765431461971,479.567441813151,135.601178487141
1713,0.0,1604.2765431461971,479.567441813151,135.601178487141
1714,0.0,1604.2765431461971,479.567441813151,135.601178487141
1715,0.0,1604.2765431461971,479.567441813151,135.601178487141
1716,0.0,1604.2765431461971,479.567441813151,135.601178487141
1717,0.0,1604.2765431461971,479.567441813151,135.601178487141
1718,0.0,1604.2765431461971,479.567441813151,135.601178487141
1719,0.0,1604.2765431461971,479.567441813151,135.601178487141
1720,0.0,1604.2765431461971,479.567441813151,135.601178487141
1721,0.0,1604.2765431461971,479.567441813151,135.601178487141
1722,0.0,1604.2765431461971,479.567441813151,135.601178487141
1723,0.0,1604.2765431461971,479.567441813151,135.601178487141
1724,0.0,1604.2765431461971,479.567441813151,135.601178487141
1725,0.0,1604.2765431461971,479.567441813151,135.601178487141
1726,0.0,1604.2765431461971,479.567441813151,135.601178487141
1727,0.0,1604.2765431461971,479.567441813151,135.601178487141
1728,0.0,338.23497413400514,481.161236572265,129.557825724283
1729,0.0,338.23497413400514,481.161236572265,129.557825724283
1730,0.0,338.23497413400514,481.161236572265,129.557825724283
1731,0.0,338.23497413400514,481.161236572265,129.557825724283
1732,0.0,338.23497413400514,481.161236572265,129.557825724283
1733,0.0,338.23497413400514,481.161236572265,129.557825724283
1734,0.0,338.23497413400514,481.161236572265,129.557825724283
1735,0.0,338.23497413400514,481.161236572265,129.557825724283
1736,0.0,338.23497413400514,481.161236572265,129.557825724283
1737,0.0,338.23497413400514,481.161236572265,129.557825724283
1738,0.0,338.23497413400514,481.161236572265,129.557825724283
1739,0.0,338.23497413400514,481.161236572265,129.557825724283
1740,0.0,338.23497413400514,481.161236572265,129.557825724283
1741,0.0,338.23497413400514,481.161236572265,129.557825724283
1742,0.0,338.23497413400514,481.161236572265,129.557825724283
1743,0.0,338.23497413400514,481.161236572265,129.557825724283
1744,0.0,338.23497413400514,481.161236572265,129.557825724283
1745,0.0,338.23497413400514,481.161236572265,129.557825724283
1746,0.0,338.23497413400514,481.161236572265,129.557825724283
1747,0.0,338.23497413400514,481.161236572265,129.557825724283
1748,0.0,338.23497413400514,481.161236572265,129.557825724283
1749,0.0,338.23497413400514,481.161236572265,129.557825724283
1750,0.0,338.23497413400514,481.161236572265,129.557825724283
1751,0.0,338.23497413400514,481.161236572265,129.557825724283
1752,0.0,640.691132551432,488.305836995442,0.0
1753,0.0,640.691132551432,488.305836995442,0.0
1754,0.0,640.691132551432,488.305836995442,0.0
1755,0.0,640.691132551432,488.305836995442,0.0
1756,0.0,640.691132551432,488.305836995442,0.0
1757,0.0,640.691132551432,488.305836995442,0.0
1758,0.0,640.691132551432,488.305836995442,0.0
1759,0.0,640.691132551432,488.305836995442,0.0
1760,0.0,640.691132551432,488.305836995442,0.0
1761,0.0,640.691132551432,488.305836995442,0.0
1762,0.0,640.691132551432,488.305836995442,0.0
1763,0.0,640.691132551432,488.305836995442,0.0
1764,0.0,640.691132551432,488.305836995442,0.0
1765,0.0,640.691132551432,488.305836995442,0.0
1766,0.0,640.691132551432,488.305836995442,0.0
1767,0.0,640.691132551432,488.305836995442,0.0
1768,0.0,640.691132551432,488.305836995442,0.0
1769,0.0,640.691132551432,488.305836995442,0.0
1770,0.0,640.691132551432,488.305836995442,0.0
1771,0.0,640.691132551432,488.305836995442,0.0
1772,0.0,640.691132551432,488.305836995442,0.0
1773,0.0,640.691132551432,488.305836995442,0.0
1774,0.0,640.691132551432,488.305836995442,0.0
1775,0.0,640.691132551432,488.305836995442,0.0
1776,0.0,846.4094919552076,491.053759765624,0.0
1777,0.0,846.4094919552076,491.053759765624,0.0
1778,0.0,846.4094919552076,491.053759765624,0.0
1779,0.0,846.4094919552076,491.053759765624,0.0
1780,0.0,846.4094919552076,491.053759765624,0.0
1781,0.0,846.4094919552076,491.053759765624,0.0
1782,0.0,846.4094919552076,491.053759765624,0.0
1783,0.0,846.4094919552076,491.053759765624,0.0
1784,0.0,846.4094919552076,491.053759765624,0.0
1785,0.0,846.4094919552076,491.053759765624,0.0
1786,0.0,846.4094919552076,491.053759765624,0.0
1787,0.0,846.4094919552076,491.053759765624,0.0
1788,0.0,846.4094919552076,491.053759765624,0.0
1789,0.0,846.4094919552076,491.053759765624,0.0
1790,0.0,846.4094919552076,491.053759765624,0.0
1791,0.0,846.4094919552076,491.053759765624,0.0
1792,0.0,846.4094919552076,491.053759765624,0.0
1793,0.0,846.4094919552076,491.053759765624,0.0
1794,0.0,846.4094919552076,491.053759765624,0.0
1795,0.0,846.4094919552076,491.053759765624,0.0
1796,0.0,846.4094919552076,491.053759765624,0.0
1797,0.0,846.4094919552076,491.053759765624,0.0
1798,0.0,846.4094919552076,491.053759765624,0.0
1799,0.0,846.4094919552076,491.053759765624,0.0
1800,0.0,748.9263734779167,491.163677978515,0.0
1801,0.0,748.9263734779167,491.163677978515,0.0
1802,0.0,748.9263734779167,491.163677978515,0.0
1803,0.0,748.9263734779167,491.163677978515,0.0
1804,0.0,748.9263734779167,491.163677978515,0.0
1805,0.0,748.9263734779167,491.163677978515,0.0
1806,0.0,748.9263734779167,491.163677978515,0.0
1807,0.0,748.9263734779167,491.163677978515,0.0
1808,0.0,748.9263734779167,491.163677978515,0.0
1809,0.0,748.9263734779167,491.163677978515,0.0
1810,0.0,748.9263734779167,491.163677978515,0.0
1811,0.0,748.9263734779167,491.163677978515,0.0
1812,0.0,748.9263734779167,491.163677978515,0.0
1813,0.0,748.9263734779167,491.163677978515,0.0
1814,0.0,748.9263734779167,491.163677978515,0.0
1815,0.0,748.9263734779167,491.163677978515,0.0
1816,0.0,748.9263734779167,491.163677978515,0.0
1817,0.0,748.9263734779167,491.163677978515,0.0
1818,0.0,748.9263734779167,491.163677978515,0.0
1819,0.0,748.9263734779167,491.163677978515,0.0
1820,0.0,748.9263734779167,491.163677978515,0.0
1821,0.0,748.9263734779167,491.163677978515,0.0
1822,0.0,748.9263734779167,491.163677978515,0.0
1823,0.0,748.9263734779167,491.163677978515,0.0
1824,0.0,927.2241707447565,506.991711425781,0.0
1825,0.0,927.2241707447565,506.991711425781,0.0
1826,0.0,927.2241707447565,506.991711425781,0.0
1827,0.0,927.2241707447565,506.991711425781,0.0
1828,0.0,927.2241707447565,506.991711425781,0.0
1829,0.0,927.2241707447565,506.991711425781,0.0
1830,0.0,927.2241707447565,506.991711425781,0.0
1831,0.0,927.2241707447565,506.991711425781,0.0
1832,0.0,927.2241707447565,506.991711425781,0.0
1833,0.0,927.2241707447565,506.991711425781,0.0
1834,0.0,927.2241707447565,506.991711425781,0.0
1835,0.0,927.2241707447565,506.991711425781,0.0
1836,0.0,927.2241707447565,506.991711425781,0.0
1837,0.0,927.2241707447565,506.991711425781,0.0
1838,0.0,927.2241707447565,506.991711425781,0.0
1839,0.0,927.2241707447565,506.991711425781,0.0
1840,0.0,927.2241707447565,506.991711425781,0.0
1841,0.0,927.2241707447565,506.991711425781,0.0
1842,0.0,927.2241707447565,506.991711425781,0.0
1843,0.0,927.2241707447565,506.991711425781,0.0
1844,0.0,927.2241707447565,506.991711425781,0.0
1845,0.0,927.2241707447565,506.991711425781,0.0
1846,0.0,927.2241707447565,506.991711425781,0.0
1847,0.0,927.2241707447565,506.991711425781,0.0
1848,0.0,571.554709483243,518.752819315592,0.0
1849,0.0,571.554709483243,518.752819315592,0.0
1850,0.0,571.554709483243,518.752819315592,0.0
1851,0.0,571.554709483243,518.752819315592,0.0
1852,0.0,571.554709483243,518.752819315592,0.0
1853,0.0,571.554709483243,518.752819315592,0.0
1854,0.0,571.554709483243,518.752819315592,0.0
1855,0.0,571.554709483243,518.752819315592,0.0
1856,0.0,571.554709483243,518.752819315592,0.0
1857,0.0,571.554709483243,518.752819315592,0.0
1858,0.0,571.554709483243,518.752819315592,0.0
1859,0.0,571.554709483243,518.752819315592,0.0
1860,0.0,571.554709483243,518.752819315592,0.0
1861,0.0,571.554709483243,518.752819315592,0.0
1862,0.0,571.554709483243,518.752819315592,0.0
1863,0.0,571.554709483243,518.752819315592,0.0
1864,0.0,571.554709483243,518.752819315592,0.0
1865,0.0,571.554709483243,518.752819315592,0.0
1866,0.0,571.554709483243,518.752819315592,0.0
1867,0.0,571.554709483243,518.752819315592,0.0
1868,0.0,571.554709483243,518.752819315592,0.0
1869,0.0,571.554709483243,518.752819315592,0.0
1870,0.0,571.554709483243,518.752819315592,0.0
1871,0.0,571.554709483243,518.752819315592,0.0
1872,0.0,403.22324672319905,524.358581034342,0.0
1873,0.0,403.22324672319905,524.358581034342,0.0
1874,0.0,403.22324672319905,524.358581034342,0.0
1875,0.0,403.22324672319905,524.358581034342,0.0
1876,0.0,403.22324672319905,524.358581034342,0.0
1877,0.0,403.22324672319905,524.358581034342,0.0
1878,0.0,403.22324672319905,524.358581034342,0.0
1879,0.0,403.22324672319905,524.358581034342,0.0
1880,0.0,403.22324672319905,524.358581034342,0.0
1881,0.0,403.22324672319905,524.358581034342,0.0
1882,0.0,403.22324672319905,524.358581034342,0.0
1883,0.0,403.22324672319905,524.358581034342,0.0
1884,0.0,403.22324672319905,524.358581034342,0.0
1885,0.0,403.22324672319905,524.358581034342,0.0
1886,0.0,403.22324672319905,524.358581034342,0.0
1887,0.0,403.22324672319905,524.358581034342,0.0
1888,0.0,403.22324672319905,524.358581034342,0.0
1889,0.0,403.22324672319905,524.358581034342,0.0
1890,0.0,403.22324672319905,524.358581034342,0.0
1891,0.0,403.22324672319905,524.358581034342,0.0
1892,0.0,403.22324672319905,524.358581034342,0.0
1893,0.0,403.22324672319905,524.358581034342,0.0
1894,0.0,403.22324672319905,524.358581034342,0.0
1895,0.0,403.22324672319905,524.358581034342,0.0
1896,0.0,889.5735462938962,528.645339457194,66.83496889488883
1897,0.0,889.5735462938962,528.645339457194,66.83496889488883
1898,0.0,889.5735462938962,528.645339457194,66.83496889488883
1899,0.0,889.5735462938962,528.645339457194,66.83496889488883
1900,0.0,889.5735462938962,528.645339457194,66.83496889488883
1901,0.0,889.5735462938962,528.645339457194,66.83496889488883
1902,0.0,889.5735462938962,528.645339457194,66.83496889488883
1903,0.0,889.5735462938962,528.645339457194,66.83496889488883
1904,0.0,889.5735462938962,528.645339457194,66.83496889488883
1905,0.0,889.5735462938962,528.645339457194,66.83496889488883
1906,0.0,889.5735462938962,528.645339457194,66.83496889488883
1907,0.0,889.5735462938962,528.645339457194,66.83496889488883
1908,0.0,889.5735462938962,528.645339457194,66.83496889488883
1909,0.0,889.5735462938962,528.645339457194,66.83496889488883
1910,0.0,889.5735462938962,528.645339457194,66.83496889488883
1911,0.0,889.5735462938962,528.645339457194,66.83496889488883
1912,0.0,889.5735462938962,528.645339457194,66.83496889488883
1913,0.0,889.5735462938962,528.645339457194,66.83496889488883
1914,0.0,889.5735462938962,528.645339457194,66.83496889488883
1915,0.0,889.5735462938962,528.645339457194,66.83496889488883
1916,0.0,889.5735462938962,528.645339457194,66.83496889488883
1917,0.0,889.5735462938962,528.645339457194,66.83496889488883
1918,0.0,889.5735462938962,528.645339457194,66.83496889488883
1919,0.0,889.5735462938962,528.645339457194,66.83496889488883
1920,0.0,802.1985620236685,531.063511657714,83.5219805399576
1921,0.0,802.1985620236685,531.063511657714,83.5219805399576
1922,0.0,802.1985620236685,531.063511657714,83.5219805399576
1923,0.0,802.1985620236685,531.063511657714,83.5219805399576
1924,0.0,802.1985620236685,531.063511657714,83.5219805399576
1925,0.0,802.1985620236685,531.063511657714,83.5219805399576
1926,0.0,802.1985620236685,531.063511657714,83.5219805399576
1927,0.0,802.1985620236685,531.063511657714,83.5219805399576
1928,0.0,802.1985620236685,531.063511657714,83.5219805399576
1929,0.0,802.1985620236685,531.063511657714,83.5219805399576
1930,0.0,802.1985620236685,531.063511657714,83.5219805399576
1931,0.0,802.1985620236685,531.063511657714,83.5219805399576
1932,0.0,802.1985620236685,531.063511657714,83.5219805399576
1933,0.0,802.1985620236685,531.063511657714,83.5219805399576
1934,0.0,802.1985620236685,531.063511657714,83.5219805399576
1935,0.0,802.1985620236685,531.063511657714,83.5219805399576
1936,0.0,802.1985620236685,531.063511657714,83.5219805399576
1937,0.0,802.1985620236685,531.063511657714,83.5219805399576
1938,0.0,802.1985620236685,531.063511657714,83.5219805399576
1939,0.0,802.1985620236685,531.063511657714,83.5219805399576
1940,0.0,802.1985620236685,531.063511657714,83.5219805399576
1941,0.0,802.1985620236685,531.063511657714,83.5219805399576
1942,0.0,802.1985620236685,531.063511657714,83.5219805399576
1943,0.0,802.1985620236685,531.063511657714,83.5219805399576
1944,0.0,771.9204657007417,525.897416687011,76.696508026123
1945,0.0,771.9204657007417,525.897416687011,76.696508026123
1946,0.0,771.9204657007417,525.897416687011,76.696508026123
1947,0.0,771.9204657007417,525.897416687011,76.696508026123
1948,0.0,771.9204657007417,525.897416687011,76.696508026123
1949,0.0,771.9204657007417,525.897416687011,76.696508026123
1950,0.0,771.9204657007417,525.897416687011,76.696508026123
1951,0.0,771.9204657007417,525.897416687011,76.696508026123
1952,0.0,771.9204657007417,525.897416687011,76.696508026123
1953,0.0,771.9204657007417,525.897416687011,76.696508026123
1954,0.0,771.9204657007417,525.897416687011,76.696508026123
1955,0.0,771.9204657007417,525.897416687011,76.696508026123
1956,0.0,771.9204657007417,525.897416687011,76.696508026123
1957,0.0,771.9204657007417,525.897416687011,76.696508026123
1958,0.0,771.9204657007417,525.897416687011,76.696508026123
1959,0.0,771.9204657007417,525.897416687011,76.696508026123
1960,0.0,771.9204657007417,525.897416687011,76.696508026123
1961,0.0,771.9204657007417,525.897416687011,76.696508026123
1962,0.0,771.9204657007417,525.897416687011,76.696508026123
1963,0.0,771.9204657007417,525.897416687011,76.696508026123
1964,0.0,771.9204657007417,525.897416687011,76.696508026123
1965,0.0,771.9204657007417,525.897416687011,76.696508026123
1966,0.0,771.9204657007417,525.897416687011,76.696508026123
1967,0.0,771.9204657007417,525.897416687011,76.696508026123
1968,0.0,615.3726275603844,533.756474812825,70.7011657714843
1969,0.0,615.3726275603844,533.756474812825,70.7011657714843
1970,0.0,615.3726275603844,533.756474812825,70.7011657714843
1971,0.0,615.3726275603844,533.756474812825,70.7011657714843
1972,0.0,615.3726275603844,533.756474812825,70.7011657714843
1973,0.0,615.3726275603844,533.756474812825,70.7011657714843
1974,0.0,615.3726275603844,533.756474812825,70.7011657714843
1975,0.0,615.3726275603844,533.756474812825,70.7011657714843
1976,0.0,615.3726275603844,533.756474812825,70.7011657714843
1977,0.0,615.3726275603844,533.756474812825,70.7011657714843
1978,0.0,615.3726275603844,533.756474812825,70.7011657714843
1979,0.0,615.3726275603844,533.756474812825,70.7011657714843
1980,0.0,615.3726275603844,533.756474812825,70.7011657714843
1981,0.0,615.3726275603844,533.756474812825,70.7011657714843
1982,0.0,615.3726275603844,533.756474812825,70.7011657714843
1983,0.0,615.3726275603844,533.756474812825,70.7011657714843
1984,0.0,615.3726275603844,533.756474812825,70.7011657714843
1985,0.0,615.3726275603844,533.756474812825,70.7011657714843
1986,0.0,615.3726275603844,533.756474812825,70.7011657714843
1987,0.0,615.3726275603844,533.756474812825,70.7011657714843
1988,0.0,615.3726275603844,533.756474812825,70.7011657714843
1989,0.0,615.3726275603844,533.756474812825,70.7011657714843
1990,0.0,615.3726275603844,533.756474812825,70.7011657714843
1991,0.0,615.3726275603844,533.756474812825,70.7011657714843
1992,0.0,1241.8549017717996,540.516364542643,67.167832438151
1993,0.0,1241.8549017717996,540.516364542643,67.167832438151
1994,0.0,1241.8549017717996,540.516364542643,67.167832438151
1995,0.0,1241.8549017717996,540.516364542643,67.167832438151
1996,0.0,1241.8549017717996,540.516364542643,67.167832438151
1997,0.0,1241.8549017717996,540.516364542643,67.167832438151
1998,0.0,1241.8549017717996,540.516364542643,67.167832438151
1999,0.0,1241.8549017717996,540.516364542643,67.167832438151
2000,0.0,1241.8549017717996,540.516364542643,67.167832438151
2001,0.0,1241.8549017717996,540.516364542643,67.167832438151
2002,0.0,1241.8549017717996,540.516364542643,67.167832438151
2003,0.0,1241.8549017717996,540.516364542643,67.167832438151
2004,0.0,1241.8549017717996,540.516364542643,67.167832438151
2005,0.0,1241.8549017717996,540.516364542643,67.167832438151
2006,0.0,1241.8549017717996,540.516364542643,67.167832438151
2007,0.0,1241.8549017717996,540.516364542643,67.167832438151
2008,0.0,1241.8549017717996,540.516364542643,67.167832438151
2009,0.0,1241.8549017717996,540.516364542643,67.167832438151
2010,0.0,1241.8549017717996,540.516364542643,67.167832438151
2011,0.0,1241.8549017717996,540.516364542643,67.167832438151
2012,0.0,1241.8549017717996,540.516364542643,67.167832438151
2013,0.0,1241.8549017717996,540.516364542643,67.167832438151
2014,0.0,1241.8549017717996,540.516364542643,67.167832438151
2015,0.0,1241.8549017717996,540.516364542643,67.167832438151
2016,0.0,1114.291436343717,545.902291870117,63.167832438151
2017,0.0,1114.291436343717,545.902291870117,63.167832438151
2018,0.0,1114.291436343717,545.902291870117,63.167832438151
2019,0.0,1114.291436343717,545.902291870117,63.167832438151
2020,0.0,1114.291436343717,545.902291870117,63.167832438151
2021,0.0,1114.291436343717,545.902291870117,63.167832438151
2022,0.0,1114.291436343717,545.902291870117,63.167832438151
2023,0.0,1114.291436343717,545.902291870117,63.167832438151
2024,0.0,1114.291436343717,545.902291870117,63.167832438151
2025,0.0,1114.291436343717,545.902291870117,63.167832438151
2026,0.0,1114.291436343717,545.902291870117,63.167832438151
2027,0.0,1114.291436343717,545.902291870117,63.167832438151
2028,0.0,1114.291436343717,545.902291870117,63.167832438151
2029,0.0,1114.291436343717,545.902291870117,63.167832438151
2030,0.0,1114.291436343717,545.902291870117,63.167832438151
2031,0.0,1114.291436343717,545.902291870117,63.167832438151
2032,0.0,1114.291436343717,545.902291870117,63.167832438151
2033,0.0,1114.291436343717,545.902291870117,63.167832438151
2034,0.0,1114.291436343717,545.902291870117,63.167832438151
2035,0.0,1114.291436343717,545.902291870117,63.167832438151
2036,0.0,1114.291436343717,545.902291870117,63.167832438151
2037,0.0,1114.291436343717,545.902291870117,63.167832438151
2038,0.0,1114.291436343717,545.902291870117,63.167832438151
2039,0.0,1114.291436343717,545.902291870117,63.167832438151
2040,0.0,1340.1356593040161,549.639466349283,0.0
2041,0.0,1340.1356593040161,549.639466349283,0.0
2042,0.0,1340.1356593040161,549.639466349283,0.0
2043,0.0,1340.1356593040161,549.639466349283,0.0
2044,0.0,1340.1356593040161,549.639466349283,0.0
2045,0.0,1340.1356593040161,549.639466349283,0.0
2046,0.0,1340.1356593040161,549.639466349283,0.0
2047,0.0,1340.1356593040161,549.639466349283,0.0
2048,0.0,1340.1356593040161,549.639466349283,0.0
2049,0.0,1340.1356593040161,549.639466349283,0.0
2050,0.0,1340.1356593040161,549.639466349283,0.0
2051,0.0,1340.1356593040161,549.639466349283,0.0
2052,0.0,1340.1356593040161,549.639466349283,0.0
2053,0.0,1340.1356593040161,549.639466349283,0.0
2054,0.0,1340.1356593040161,549.639466349283,0.0
2055,0.0,1340.1356593040161,549.639466349283,0.0
2056,0.0,1340.1356593040161,549.639466349283,0.0
2057,0.0,1340.1356593040161,549.639466349283,0.0
2058,0.0,1340.1356593040161,549.639466349283,0.0
2059,0.0,1340.1356593040161,549.639466349283,0.0
2060,0.0,1340.1356593040161,549.639466349283,0.0
2061,0.0,1340.1356593040161,549.639466349283,0.0
2062,0.0,1340.1356593040161,549.639466349283,0.0
2063,0.0,1340.1356593040161,549.639466349283,0.0
2064,0.0,1213.9033314569704,550.134091186523,0.0
2065,0.0,1213.9033314569704,550.134091186523,0.0
2066,0.0,1213.9033314569704,550.134091186523,0.0
2067,0.0,1213.9033314569704,550.134091186523,0.0
2068,0.0,1213.9033314569704,550.134091186523,0.0
2069,0.0,1213.9033314569704,550.134091186523,0.0
2070,0.0,1213.9033314569704,550.134091186523,0.0
2071,0.0,1213.9033314569704,550.134091186523,0.0
2072,0.0,1213.9033314569704,550.134091186523,0.0
2073,0.0,1213.9033314569704,550.134091186523,0.0
2074,0.0,1213.9033314569704,550.134091186523,0.0
2075,0.0,1213.9033314569704,550.134091186523,0.0
2076,0.0,1213.9033314569704,550.134091186523,0.0
2077,0.0,1213.9033314569704,550.134091186523,0.0
2078,0.0,1213.9033314569704,550.134091186523,0.0
2079,0.0,1213.9033314569704,550.134091186523,0.0
2080,0.0,1213.9033314569704,550.134091186523,0.0
2081,0.0,1213.9033314569704,550.134091186523,0.0
2082,0.0,1213.9033314569704,550.134091186523,0.0
2083,0.0,1213.9033314569704,550.134091186523,0.0
2084,0.0,1213.9033314569704,550.134091186523,0.0
2085,0.0,1213.9033314569704,550.134091186523,0.0
2086,0.0,1213.9033314569704,550.134091186523,0.0
2087,0.0,1213.9033314569704,550.134091186523,0.0
2088,0.0,609.8430877715418,555.135309855143,60.346087137858
2089,0.0,609.8430877715418,555.135309855143,60.346087137858
2090,0.0,609.8430877715418,555.135309855143,60.346087137858
2091,0.0,609.8430877715418,555.135309855143,60.346087137858
2092,0.0,609.8430877715418,555.135309855143,60.346087137858
2093,0.0,609.8430877715418,555.135309855143,60.346087137858
2094,0.0,609.8430877715418,555.135309855143,60.346087137858
2095,0.0,609.8430877715418,555.135309855143,60.346087137858
2096,0.0,609.8430877715418,555.135309855143,60.346087137858
2097,0.0,609.8430877715418,555.135309855143,60.346087137858
2098,0.0,609.8430877715418,555.135309855143,60.346087137858
2099,0.0,609.8430877715418,555.135309855143,60.346087137858
2100,0.0,609.8430877715418,555.135309855143,60.346087137858
2101,0.0,609.8430877715418,555.135309855143,60.346087137858
2102,0.0,609.8430877715418,555.135309855143,60.346087137858
2103,0.0,609.8430877715418,555.135309855143,60.346087137858
2104,0.0,609.8430877715418,555.135309855143,60.346087137858
2105,0.0,609.8430877715418,555.135309855143,60.346087137858
2106,0.0,609.8430877715418,555.135309855143,60.346087137858
2107,0.0,609.8430877715418,555.135309855143,60.346087137858
2108,0.0,609.8430877715418,555.135309855143,60.346087137858
2109,0.0,609.8430877715418,555.135309855143,60.346087137858
2110,0.0,609.8430877715418,555.135309855143,60.346087137858
2111,0.0,609.8430877715418,555.135309855143,60.346087137858
2112,0.0,530.9568954223109,562.3898244222,60.561723836263
2113,0.0,530.9568954223109,562.3898244222,60.561723836263
2114,0.0,530.9568954223109,562.3898244222,60.561723836263
2115,0.0,530.9568954223109,562.3898244222,60.561723836263
2116,0.0,530.9568954223109,562.3898244222,60.561723836263
2117,0.0,530.9568954223109,562.3898244222,60.561723836263
2118,0.0,530.9568954223109,562.3898244222,60.561723836263
2119,0.0,530.9568954223109,562.3898244222,60.561723836263
2120,0.0,530.9568954223109,562.3898244222,60.561723836263
2121,0.0,530.9568954223109,562.3898244222,60.561723836263
2122,0.0,530.9568954223109,562.3898244222,60.561723836263
2123,0.0,530.9568954223109,562.3898244222,60.561723836263
2124,0.0,530.9568954223109,562.3898244222,60.561723836263
2125,0.0,530.9568954223109,562.3898244222,60.561723836263
2126,0.0,530.9568954223109,562.3898244222,60.561723836263
2127,0.0,530.9568954223109,562.3898244222,60.561723836263
2128,0.0,530.9568954223109,562.3898244222,60.561723836263
2129,0.0,530.9568954223109,562.3898244222,60.561723836263
2130,0.0,530.9568954223109,562.3898244222,60.561723836263
2131,0.0,530.9568954223109,562.3898244222,60.561723836263
2132,0.0,530.9568954223109,562.3898244222,60.561723836263
2133,0.0,530.9568954223109,562.3898244222,60.561723836263
2134,0.0,530.9568954223109,562.3898244222,60.561723836263
2135,0.0,530.9568954223109,562.3898244222,60.561723836263
2136,0.0,997.2344414740967,574.095974731445,63.4189254760742
2137,0.0,997.2344414740967,574.095974731445,63.4189254760742
2138,0.0,997.2344414740967,574.095974731445,63.4189254760742
2139,0.0,997.2344414740967,574.095974731445,63.4189254760742
2140,0.0,997.2344414740967,574.095974731445,63.4189254760742
2141,0.0,997.2344414740967,574.095974731445,63.4189254760742
2142,0.0,997.2344414740967,574.095974731445,63.4189254760742
2143,0.0,997.2344414740967,574.095974731445,63.4189254760742
2144,0.0,997.2344414740967,574.095974731445,63.4189254760742
2145,0.0,997.2344414740967,574.095974731445,63.4189254760742
2146,0.0,997.2344414740967,574.095974731445,63.4189254760742
2147,0.0,997.2344414740967,574.095974731445,63.4189254760742
2148,0.0,997.2344414740967,574.095974731445,63.4189254760742
2149,0.0,997.2344414740967,574.095974731445,63.4189254760742
2150,0.0,997.2344414740967,574.095974731445,63.4189254760742
2151,0.0,997.2344414740967,574.095974731445,63.4189254760742
2152,0.0,997.2344414740967,574.095974731445,63.4189254760742
2153,0.0,997.2344414740967,574.095974731445,63.4189254760742
2154,0.0,997.2344414740967,574.095974731445,63.4189254760742
2155,0.0,997.2344414740967,574.095974731445,63.4189254760742
2156,0.0,997.2344414740967,574.095974731445,63.4189254760742
2157,0.0,997.2344414740967,574.095974731445,63.4189254760742
2158,0.0,997.2344414740967,574.095974731445,63.4189254760742
2159,0.0,997.2344414740967,574.095974731445,63.4189254760742
2160,0.0,661.9536649130164,368.2207768184254,67.5252370198567
2161,0.0,661.9536649130164,368.2207768184254,67.5252370198567
2162,0.0,661.9536649130164,368.2207768184254,67.5252370198567
2163,0.0,661.9536649130164,368.2207768184254,67.5252370198567
2164,0.0,661.9536649130164,368.2207768184254,67.5252370198567
2165,0.0,661.9536649130164,368.2207768184254,67.5252370198567
2166,0.0,661.9536649130164,368.2207768184254,67.5252370198567
2167,0.0,661.9536649130164,368.2207768184254,67.5252370198567
2168,0.0,661.9536649130164,368.2207768184254,67.5252370198567
2169,0.0,661.9536649130164,368.2207768184254,67.5252370198567
2170,0.0,661.9536649130164,368.2207768184254,67.5252370198567
2171,0.0,661.9536649130164,368.2207768184254,67.5252370198567
2172,0.0,661.9536649130164,368.2207768184254,67.5252370198567
2173,0.0,661.9536649130164,368.2207768184254,67.5252370198567
2174,0.0,661.9536649130164,368.2207768184254,67.5252370198567
2175,0.0,661.9536649130164,368.2207768184254,67.5252370198567
2176,0.0,661.9536649130164,368.2207768184254,67.5252370198567
2177,0.0,661.9536649130164,368.2207768184254,67.5252370198567
2178,0.0,661.9536649130164,368.2207768184254,67.5252370198567
2179,0.0,661.9536649130164,368.2207768184254,67.5252370198567
2180,0.0,661.9536649130164,368.2207768184254,67.5252370198567
2181,0.0,661.9536649130164,368.2207768184254,67.5252370198567
2182,0.0,661.9536649130164,368.2207768184254,67.5252370198567
2183,0.0,661.9536649130164,368.2207768184254,67.5252370198567
2184,0.0,768.0546640801899,36.5294273818796,66.5433774312337
2185,0.0,768.0546640801899,36.5294273818796,66.5433774312337
2186,0.0,768.0546640801899,36.5294273818796,66.5433774312337
2187,0.0,768.0546640801899,36.5294273818796,66.5433774312337
2188,0.0,768.0546640801899,36.5294273818796,66.5433774312337
2189,0.0,768.0546640801899,36.5294273818796,66.5433774312337
2190,0.0,768.0546640801899,36.5294273818796,66.5433774312337
2191,0.0,768.0546640801899,36.5294273818796,66.5433774312337
2192,0.0,768.0546640801899,36.5294273818796,66.5433774312337
2193,0.0,768.0546640801899,36.5294273818796,66.5433774312337
2194,0.0,768.0546640801899,36.5294273818796,66.5433774312337
2195,0.0,768.0546640801899,36.5294273818796,66.5433774312337
2196,0.0,768.0546640801899,36.5294273818796,66.5433774312337
2197,0.0,768.0546640801899,36.5294273818796,66.5433774312337
2198,0.0,768.0546640801899,36.5294273818796,66.5433774312337
2199,0.0,768.0546640801899,36.5294273818796,66.5433774312337
2200,0.0,768.0546640801899,36.5294273818796,66.5433774312337
2201,0.0,768.0546640801899,36.5294273818796,66.5433774312337
2202,0.0,768.0546640801899,36.5294273818796,66.5433774312337
2203,0.0,768.0546640801899,36.5294273818796,66.5433774312337
2204,0.0,768.0546640801899,36.5294273818796,66.5433774312337
2205,0.0,768.0546640801899,36.5294273818796,66.5433774312337
2206,0.0,768.0546640801899,36.5294273818796,66.5433774312337
2207,0.0,768.0546640801899,36.5294273818796,66.5433774312337
2208,0.0,797.7731720485531,411.46499457267555,64.3175851186116
2209,0.0,797.7731720485531,411.46499457267555,64.3175851186116
2210,0.0,797.7731720485531,411.46499457267555,64.3175851186116
2211,0.0,797.7731720485531,411.46499457267555,64.3175851186116
2212,0.0,797.7731720485531,411.46499457267555,64.3175851186116
2213,0.0,797.7731720485531,411.46499457267555,64.3175851186116
2214,0.0,797.7731720485531,411.46499457267555,64.3175851186116
2215,0.0,797.7731720485531,411.46499457267555,64.3175851186116
2216,0.0,797.7731720485531,411.46499457267555,64.3175851186116
2217,0.0,797.7731720485531,411.46499457267555,64.3175851186116
2218,0.0,797.7731720485531,411.46499457267555,64.3175851186116
2219,0.0,797.7731720485531,411.46499457267555,64.3175851186116
2220,0.0,797.7731720485531,411.46499457267555,64.3175851186116
2221,0.0,797.7731720485531,411.46499457267555,64.3175851186116
2222,0.0,797.7731720485531,411.46499457267555,64.3175851186116
2223,0.0,797.7731720485531,411.46499457267555,64.3175851186116
2224,0.0,797.7731720485531,411.46499457267555,64.3175851186116
2225,0.0,797.7731720485531,411.46499457267555,64.3175851186116
2226,0.0,797.7731720485531,411.46499457267555,64.3175851186116
2227,0.0,797.7731720485531,411.46499457267555,64.3175851186116
2228,0.0,797.7731720485531,411.46499457267555,64.3175851186116
2229,0.0,797.7731720485531,411.46499457267555,64.3175851186116
2230,0.0,797.7731720485531,411.46499457267555,64.3175851186116
2231,0.0,797.7731720485531,411.46499457267555,64.3175851186116
2232,0.0,663.1396228143931,569.314589436848,65.5312333424886
2233,0.0,663.1396228143931,569.314589436848,65.5312333424886
2234,0.0,663.1396228143931,569.314589436848,65.5312333424886
2235,0.0,663.1396228143931,569.314589436848,65.5312333424886
2236,0.0,663.1396228143931,569.314589436848,65.5312333424886
2237,0.0,663.1396228143931,569.314589436848,65.5312333424886
2238,0.0,663.1396228143931,569.314589436848,65.5312333424886
2239,0.0,663.1396228143931,569.314589436848,65.5312333424886
2240,0.0,663.1396228143931,569.314589436848,65.5312333424886
2241,0.0,663.1396228143931,569.314589436848,65.5312333424886
2242,0.0,663.1396228143931,569.314589436848,65.5312333424886
2243,0.0,663.1396228143931,569.314589436848,65.5312333424886
2244,0.0,663.1396228143931,569.314589436848,65.5312333424886
2245,0.0,663.1396228143931,569.314589436848,65.5312333424886
2246,0.0,663.1396228143931,569.314589436848,65.5312333424886
2247,0.0,663.1396228143931,569.314589436848,65.5312333424886
2248,0.0,663.1396228143931,569.314589436848,65.5312333424886
2249,0.0,663.1396228143931,569.314589436848,65.5312333424886
2250,0.0,663.1396228143931,569.314589436848,65.5312333424886
2251,0.0,663.1396228143931,569.314589436848,65.5312333424886
2252,0.0,663.1396228143931,569.314589436848,65.5312333424886
2253,0.0,663.1396228143931,569.314589436848,65.5312333424886
2254,0.0,663.1396228143931,569.314589436848,65.5312333424886
2255,0.0,663.1396228143931,569.314589436848,65.5312333424886
2256,0.0,1353.94618127372,582.944286092122,64.6658411661783
2257,0.0,1353.94618127372,582.944286092122,64.6658411661783
2258,0.0,1353.94618127372,582.944286092122,64.6658411661783
2259,0.0,1353.94618127372,582.944286092122,64.6658411661783
2260,0.0,1353.94618127372,582.944286092122,64.6658411661783
2261,0.0,1353.94618127372,582.944286092122,64.6658411661783
2262,0.0,1353.94618127372,582.944286092122,64.6658411661783
2263,0.0,1353.94618127372,582.944286092122,64.6658411661783
2264,0.0,1353.94618127372,582.944286092122,64.6658411661783
2265,0.0,1353.94618127372,582.944286092122,64.6658411661783
2266,0.0,1353.94618127372,582.944286092122,64.6658411661783
2267,0.0,1353.94618127372,582.944286092122,64.6658411661783
2268,0.0,1353.94618127372,582.944286092122,64.6658411661783
2269,0.0,1353.94618127372,582.944286092122,64.6658411661783
2270,0.0,1353.94618127372,582.944286092122,64.6658411661783
2271,0.0,1353.94618127372,582.944286092122,64.6658411661783
2272,0.0,1353.94618127372,582.944286092122,64.6658411661783
2273,0.0,1353.94618127372,582.944286092122,64.6658411661783
2274,0.0,1353.94618127372,582.944286092122,64.6658411661783
2275,0.0,1353.94618127372,582.944286092122,64.6658411661783
2276,0.0,1353.94618127372,582.944286092122,64.6658411661783
2277,0.0,1353.94618127372,582.944286092122,64.6658411661783
2278,0.0,1353.94618127372,582.944286092122,64.6658411661783
2279,0.0,1353.94618127372,582.944286092122,64.6658411661783
2280,0.0,1074.9540526812973,570.0840381611208,62.8401245117187
2281,0.0,1074.9540526812973,570.0840381611208,62.8401245117187
2282,0.0,1074.9540526812973,570.0840381611208,62.8401245117187
2283,0.0,1074.9540526812973,570.0840381611208,62.8401245117187
2284,0.0,1074.9540526812973,570.0840381611208,62.8401245117187
2285,0.0,1074.9540526812973,570.0840381611208,62.8401245117187
2286,0.0,1074.9540526812973,570.0840381611208,62.8401245117187
2287,0.0,1074.9540526812973,570.0840381611208,62.8401245117187
2288,0.0,1074.9540526812973,570.0840381611208,62.8401245117187
2289,0.0,1074.9540526812973,570.0840381611208,62.8401245117187
2290,0.0,1074.9540526812973,570.0840381611208,62.8401245117187
2291,0.0,1074.9540526812973,570.0840381611208,62.8401245117187
2292,0.0,1074.9540526812973,570.0840381611208,62.8401245117187
2293,0.0,1074.9540526812973,570.0840381611208,62.8401245117187
2294,0.0,1074.9540526812973,570.0840381611208,62.8401245117187
2295,0.0,1074.9540526812973,570.0840381611208,62.8401245117187
2296,0.0,1074.9540526812973,570.0840381611208,62.8401245117187
2297,0.0,1074.9540526812973,570.0840381611208,62.8401245117187
2298,0.0,1074.9540526812973,570.0840381611208,62.8401245117187
2299,0.0,1074.9540526812973,570.0840381611208,62.8401245117187
2300,0.0,1074.9540526812973,570.0840381611208,62.8401245117187
2301,0.0,1074.9540526812973,570.0840381611208,62.8401245117187
2302,0.0,1074.9540526812973,570.0840381611208,62.8401245117187
2303,0.0,1074.9540526812973,570.0840381611208,62.8401245117187
2304,0.0,1323.68361275489,598.882236735026,61.8227121988932
2305,0.0,1323.68361275489,598.882236735026,61.8227121988932
2306,0.0,1323.68361275489,598.882236735026,61.8227121988932
2307,0.0,1323.68361275489,598.882236735026,61.8227121988932
2308,0.0,1323.68361275489,598.882236735026,61.8227121988932
2309,0.0,1323.68361275489,598.882236735026,61.8227121988932
2310,0.0,1323.68361275489,598.882236735026,61.8227121988932
2311,0.0,1323.68361275489,598.882236735026,61.8227121988932
2312,0.0,1323.68361275489,598.882236735026,61.8227121988932
2313,0.0,1323.68361275489,598.882236735026,61.8227121988932
2314,0.0,1323.68361275489,598.882236735026,61.8227121988932
2315,0.0,1323.68361275489,598.882236735026,61.8227121988932
2316,0.0,1323.68361275489,598.882236735026,61.8227121988932
2317,0.0,1323.68361275489,598.882236735026,61.8227121988932
2318,0.0,1323.68361275489,598.882236735026,61.8227121988932
2319,0.0,1323.68361275489,598.882236735026,61.8227121988932
2320,0.0,1323.68361275489,598.882236735026,61.8227121988932
2321,0.0,1323.68361275489,598.882236735026,61.8227121988932
2322,0.0,1323.68361275489,598.882236735026,61.8227121988932
2323,0.0,1323.68361275489,598.882236735026,61.8227121988932
2324,0.0,1323.68361275489,598.882236735026,61.8227121988932
2325,0.0,1323.68361275489,598.882236735026,61.8227121988932
2326,0.0,1323.68361275489,598.882236735026,61.8227121988932
2327,0.0,1323.68361275489,598.882236735026,61.8227121988932
2328,0.0,1232.9661514553018,23.32327064597348,60.5822171529134
2329,0.0,1232.9661514553018,23.32327064597348,60.5822171529134
2330,0.0,1232.9661514553018,23.32327064597348,60.5822171529134
2331,0.0,1232.9661514553018,23.32327064597348,60.5822171529134
2332,0.0,1232.9661514553018,23.32327064597348,60.5822171529134
2333,0.0,1232.9661514553018,23.32327064597348,60.5822171529134
2334,0.0,1232.9661514553018,23.32327064597348,60.5822171529134
2335,0.0,1232.9661514553018,23.32327064597348,60.5822171529134
2336,0.0,1232.9661514553018,23.32327064597348,60.5822171529134
2337,0.0,1232.9661514553018,23.32327064597348,60.5822171529134
2338,0.0,1232.9661514553018,23.32327064597348,60.5822171529134
2339,0.0,1232.9661514553018,23.32327064597348,60.5822171529134
2340,0.0,1232.9661514553018,23.32327064597348,60.5822171529134
2341,0.0,1232.9661514553018,23.32327064597348,60.5822171529134
2342,0.0,1232.9661514553018,23.32327064597348,60.5822171529134
2343,0.0,1232.9661514553018,23.32327064597348,60.5822171529134
2344,0.0,1232.9661514553018,23.32327064597348,60.5822171529134
2345,0.0,1232.9661514553018,23.32327064597348,60.5822171529134
2346,0.0,1232.9661514553018,23.32327064597348,60.5822171529134
2347,0.0,1232.9661514553018,23.32327064597348,60.5822171529134
2348,0.0,1232.9661514553018,23.32327064597348,60.5822171529134
2349,0.0,1232.9661514553018,23.32327064597348,60.5822171529134
2350,0.0,1232.9661514553018,23.32327064597348,60.5822171529134
2351,0.0,1232.9661514553018,23.32327064597348,60.5822171529134
2352,0.0,1166.420249457171,613.721017456054,59.4462191263834
2353,0.0,1166.420249457171,613.721017456054,59.4462191263834
2354,0.0,1166.420249457171,613.721017456054,59.4462191263834
2355,0.0,1166.420249457171,613.721017456054,59.4462191263834
2356,0.0,1166.420249457171,613.721017456054,59.4462191263834
2357,0.0,1166.420249457171,613.721017456054,59.4462191263834
2358,0.0,1166.420249457171,613.721017456054,59.4462191263834
2359,0.0,1166.420249457171,613.721017456054,59.4462191263834
2360,0.0,1166.420249457171,613.721017456054,59.4462191263834
2361,0.0,1166.420249457171,613.721017456054,59.4462191263834
2362,0.0,1166.420249457171,613.721017456054,59.4462191263834
2363,0.0,1166.420249457171,613.721017456054,59.4462191263834
2364,0.0,1166.420249457171,613.721017456054,59.4462191263834
2365,0.0,1166.420249457171,613.721017456054,59.4462191263834
2366,0.0,1166.420249457171,613.721017456054,59.4462191263834
2367,0.0,1166.420249457171,613.721017456054,59.4462191263834
2368,0.0,1166.420249457171,613.721017456054,59.4462191263834
2369,0.0,1166.420249457171,613.721017456054,59.4462191263834
2370,0.0,1166.420249457171,613.721017456054,59.4462191263834
2371,0.0,1166.420249457171,613.721017456054,59.4462191263834
2372,0.0,1166.420249457171,613.721017456054,59.4462191263834
2373,0.0,1166.420249457171,613.721017456054,59.4462191263834
2374,0.0,1166.420249457171,613.721017456054,59.4462191263834
2375,0.0,1166.420249457171,613.721017456054,59.4462191263834
2376,0.0,1097.2108178010735,0.0,59.6513557434082
2377,0.0,1097.2108178010735,0.0,59.6513557434082
2378,0.0,1097.2108178010735,0.0,59.6513557434082
2379,0.0,1097.2108178010735,0.0,59.6513557434082
2380,0.0,1097.2108178010735,0.0,59.6513557434082
2381,0.0,1097.2108178010735,0.0,59.6513557434082
2382,0.0,1097.2108178010735,0.0,59.6513557434082
2383,0.0,1097.2108178010735,0.0,59.6513557434082
2384,0.0,1097.2108178010735,0.0,59.6513557434082
2385,0.0,1097.2108178010735,0.0,59.6513557434082
2386,0.0,1097.2108178010735,0.0,59.6513557434082
2387,0.0,1097.2108178010735,0.0,59.6513557434082
2388,0.0,1097.2108178010735,0.0,59.6513557434082
2389,0.0,1097.2108178010735,0.0,59.6513557434082
2390,0.0,1097.2108178010735,0.0,59.6513557434082
2391,0.0,1097.2108178010735,0.0,59.6513557434082
2392,0.0,1097.2108178010735,0.0,59.6513557434082
2393,0.0,1097.2108178010735,0.0,59.6513557434082
2394,0.0,1097.2108178010735,0.0,59.6513557434082
2395,0.0,1097.2108178010735,0.0,59.6513557434082
2396,0.0,1097.2108178010735,0.0,59.6513557434082
2397,0.0,1097.2108178010735,0.0,59.6513557434082
2398,0.0,1097.2108178010735,0.0,59.6513557434082
2399,0.0,1097.2108178010735,0.0,59.6513557434082
2400,0.0,1271.4129763438011,620.535865275065,0.0
2401,0.0,1271.4129763438011,620.535865275065,0.0
2402,0.0,1271.4129763438011,620.535865275065,0.0
2403,0.0,1271.4129763438011,620.535865275065,0.0
2404,0.0,1271.4129763438011,620.535865275065,0.0
2405,0.0,1271.4129763438011,620.535865275065,0.0
2406,0.0,1271.4129763438011,620.535865275065,0.0
2407,0.0,1271.4129763438011,620.535865275065,0.0
2408,0.0,1271.4129763438011,620.535865275065,0.0
2409,0.0,1271.4129763438011,620.535865275065,0.0
2410,0.0,1271.4129763438011,620.535865275065,0.0
2411,0.0,1271.4129763438011,620.535865275065,0.0
2412,0.0,1271.4129763438011,620.535865275065,0.0
2413,0.0,1271.4129763438011,620.535865275065,0.0
2414,0.0,1271.4129763438011,620.535865275065,0.0
2415,0.0,1271.4129763438011,620.535865275065,0.0
2416,0.0,1271.4129763438011,620.535865275065,0.0
2417,0.0,1271.4129763438011,620.535865275065,0.0
2418,0.0,1271.4129763438011,620.535865275065,0.0
2419,0.0,1271.4129763438011,620.535865275065,0.0
2420,0.0,1271.4129763438011,620.535865275065,0.0
2421,0.0,1271.4129763438011,620.535865275065,0.0
2422,0.0,1271.4129763438011,620.535865275065,0.0
2423,0.0,1271.4129763438011,620.535865275065,0.0
2424,0.0,1218.4442345241005,0.0,59.4854928970336
2425,0.0,1218.4442345241005,0.0,59.4854928970336
2426,0.0,1218.4442345241005,0.0,59.4854928970336
2427,0.0,1218.4442345241005,0.0,59.4854928970336
2428,0.0,1218.4442345241005,0.0,59.4854928970336
2429,0.0,1218.4442345241005,0.0,59.4854928970336
2430,0.0,1218.4442345241005,0.0,59.4854928970336
2431,0.0,1218.4442345241005,0.0,59.4854928970336
2432,0.0,1218.4442345241005,0.0,59.4854928970336
2433,0.0,1218.4442345241005,0.0,59.4854928970336
2434,0.0,1218.4442345241005,0.0,59.4854928970336
2435,0.0,1218.4442345241005,0.0,59.4854928970336
2436,0.0,1218.4442345241005,0.0,59.4854928970336
2437,0.0,1218.4442345241005,0.0,59.4854928970336
2438,0.0,1218.4442345241005,0.0,59.4854928970336
2439,0.0,1218.4442345241005,0.0,59.4854928970336
2440,0.0,1218.4442345241005,0.0,59.4854928970336
2441,0.0,1218.4442345241005,0.0,59.4854928970336
2442,0.0,1218.4442345241005,0.0,59.4854928970336
2443,0.0,1218.4442345241005,0.0,59.4854928970336
2444,0.0,1218.4442345241005,0.0,59.4854928970336
2445,0.0,1218.4442345241005,0.0,59.4854928970336
2446,0.0,1218.4442345241005,0.0,59.4854928970336
2447,0.0,1218.4442345241005,0.0,59.4854928970336
2448,0.0,425.36371046759405,630.538302612304,59.9814700444539
2449,0.0,425.36371046759405,630.538302612304,59.9814700444539
2450,0.0,425.36371046759405,630.538302612304,59.9814700444539
2451,0.0,425.36371046759405,630.538302612304,59.9814700444539
2452,0.0,425.36371046759405,630.538302612304,59.9814700444539
2453,0.0,425.36371046759405,630.538302612304,59.9814700444539
2454,0.0,425.36371046759405,630.538302612304,59.9814700444539
2455,0.0,425.36371046759405,630.538302612304,59.9814700444539
2456,0.0,425.36371046759405,630.538302612304,59.9814700444539
2457,0.0,425.36371046759405,630.538302612304,59.9814700444539
2458,0.0,425.36371046759405,630.538302612304,59.9814700444539
2459,0.0,425.36371046759405,630.538302612304,59.9814700444539
2460,0.0,425.36371046759405,630.538302612304,59.9814700444539
2461,0.0,425.36371046759405,630.538302612304,59.9814700444539
2462,0.0,425.36371046759405,630.538302612304,59.9814700444539
2463,0.0,425.36371046759405,630.538302612304,59.9814700444539
2464,0.0,425.36371046759405,630.538302612304,59.9814700444539
2465,0.0,425.36371046759405,630.538302612304,59.9814700444539
2466,0.0,425.36371046759405,630.538302612304,59.9814700444539
2467,0.0,425.36371046759405,630.538302612304,59.9814700444539
2468,0.0,425.36371046759405,630.538302612304,59.9814700444539
2469,0.0,425.36371046759405,630.538302612304,59.9814700444539
2470,0.0,425.36371046759405,630.538302612304,59.9814700444539
2471,0.0,425.36371046759405,630.538302612304,59.9814700444539
2472,0.0,817.8676779102957,633.890766398111,58.1821048100789
2473,0.0,817.8676779102957,633.890766398111,58.1821048100789
2474,0.0,817.8676779102957,633.890766398111,58.1821048100789
2475,0.0,817.8676779102957,633.890766398111,58.1821048100789
2476,0.0,817.8676779102957,633.890766398111,58.1821048100789
2477,0.0,817.8676779102957,633.890766398111,58.1821048100789
2478,0.0,817.8676779102957,633.890766398111,58.1821048100789
2479,0.0,817.8676779102957,633.890766398111,58.1821048100789
2480,0.0,817.8676779102957,633.890766398111,58.1821048100789
2481,0.0,817.8676779102957,633.890766398111,58.1821048100789
2482,0.0,817.8676779102957,633.890766398111,58.1821048100789
2483,0.0,817.8676779102957,633.890766398111,58.1821048100789
2484,0.0,817.8676779102957,633.890766398111,58.1821048100789
2485,0.0,817.8676779102957,633.890766398111,58.1821048100789
2486,0.0,817.8676779102957,633.890766398111,58.1821048100789
2487,0.0,817.8676779102957,633.890766398111,58.1821048100789
2488,0.0,817.8676779102957,633.890766398111,58.1821048100789
2489,0.0,817.8676779102957,633.890766398111,58.1821048100789
2490,0.0,817.8676779102957,633.890766398111,58.1821048100789
2491,0.0,817.8676779102957,633.890766398111,58.1821048100789
2492,0.0,817.8676779102957,633.890766398111,58.1821048100789
2493,0.0,817.8676779102957,633.890766398111,58.1821048100789
2494,0.0,817.8676779102957,633.890766398111,58.1821048100789
2495,0.0,817.8676779102957,633.890766398111,58.1821048100789
2496,0.0,1075.106985987601,510.9088034907079,58.1821048100789
2497,0.0,1075.106985987601,510.9088034907079,58.1821048100789
2498,0.0,1075.106985987601,510.9088034907079,58.1821048100789
2499,0.0,1075.106985987601,510.9088034907079,58.1821048100789
2500,0.0,1075.106985987601,510.9088034907079,58.1821048100789
2501,0.0,1075.106985987601,510.9088034907079,58.1821048100789
2502,0.0,1075.106985987601,510.9088034907079,58.1821048100789
2503,0.0,1075.106985987601,510.9088034907079,58.1821048100789
2504,0.0,1075.106985987601,510.9088034907079,58.1821048100789
2505,0.0,1075.106985987601,510.9088034907079,58.1821048100789
2506,0.0,1075.106985987601,510.9088034907079,58.1821048100789
2507,0.0,1075.106985987601,510.9088034907079,58.1821048100789
2508,0.0,1075.106985987601,510.9088034907079,58.1821048100789
2509,0.0,1075.106985987601,510.9088034907079,58.1821048100789
2510,0.0,1075.106985987601,510.9088034907079,58.1821048100789
2511,0.0,1075.106985987601,510.9088034907079,58.1821048100789
2512,0.0,1075.106985987601,510.9088034907079,58.1821048100789
2513,0.0,1075.106985987601,510.9088034907079,58.1821048100789
2514,0.0,1075.106985987601,510.9088034907079,58.1821048100789
2515,0.0,1075.106985987601,510.9088034907079,58.1821048100789
2516,0.0,1075.106985987601,510.9088034907079,58.1821048100789
2517,0.0,1075.106985987601,510.9088034907079,58.1821048100789
2518,0.0,1075.106985987601,510.9088034907079,58.1821048100789
2519,0.0,1075.106985987601,510.9088034907079,58.1821048100789
2520,0.0,771.4293912392484,637.188274129231,61.415516980489
2521,0.0,771.4293912392484,637.188274129231,61.415516980489
2522,0.0,771.4293912392484,637.188274129231,61.415516980489
2523,0.0,771.4293912392484,637.188274129231,61.415516980489
2524,0.0,771.4293912392484,637.188274129231,61.415516980489
2525,0.0,771.4293912392484,637.188274129231,61.415516980489
2526,0.0,771.4293912392484,637.188274129231,61.415516980489
2527,0.0,771.4293912392484,637.188274129231,61.415516980489
2528,0.0,771.4293912392484,637.188274129231,61.415516980489
2529,0.0,771.4293912392484,637.188274129231,61.415516980489
2530,0.0,771.4293912392484,637.188274129231,61.415516980489
2531,0.0,771.4293912392484,637.188274129231,61.415516980489
2532,0.0,771.4293912392484,637.188274129231,61.415516980489
2533,0.0,771.4293912392484,637.188274129231,61.415516980489
2534,0.0,771.4293912392484,637.188274129231,61.415516980489
2535,0.0,771.4293912392484,637.188274129231,61.415516980489
2536,0.0,771.4293912392484,637.188274129231,61.415516980489
2537,0.0,771.4293912392484,637.188274129231,61.415516980489
2538,0.0,771.4293912392484,637.188274129231,61.415516980489
2539,0.0,771.4293912392484,637.188274129231,61.415516980489
2540,0.0,771.4293912392484,637.188274129231,61.415516980489
2541,0.0,771.4293912392484,637.188274129231,61.415516980489
2542,0.0,771.4293912392484,637.188274129231,61.415516980489
2543,0.0,771.4293912392484,637.188274129231,61.415516980489
2544,0.0,528.1471809108505,416.28631968857906,0.0
2545,0.0,528.1471809108505,416.28631968857906,0.0
2546,0.0,528.1471809108505,416.28631968857906,0.0
2547,0.0,528.1471809108505,416.28631968857906,0.0
2548,0.0,528.1471809108505,416.28631968857906,0.0
2549,0.0,528.1471809108505,416.28631968857906,0.0
2550,0.0,528.1471809108505,416.28631968857906,0.0
2551,0.0,528.1471809108505,416.28631968857906,0.0
2552,0.0,528.1471809108505,416.28631968857906,0.0
2553,0.0,528.1471809108505,416.28631968857906,0.0
2554,0.0,528.1471809108505,416.28631968857906,0.0
2555,0.0,528.1471809108505,416.28631968857906,0.0
2556,0.0,528.1471809108505,416.28631968857906,0.0
2557,0.0,528.1471809108505,416.28631968857906,0.0
2558,0.0,528.1471809108505,416.28631968857906,0.0
2559,0.0,528.1471809108505,416.28631968857906,0.0
2560,0.0,528.1471809108505,416.28631968857906,0.0
2561,0.0,528.1471809108505,416.28631968857906,0.0
2562,0.0,528.1471809108505,416.28631968857906,0.0
2563,0.0,528.1471809108505,416.28631968857906,0.0
2564,0.0,528.1471809108505,416.28631968857906,0.0
2565,0.0,528.1471809108505,416.28631968857906,0.0
2566,0.0,528.1471809108505,416.28631968857906,0.0
2567,0.0,528.1471809108505,416.28631968857906,0.0
2568,0.0,799.3307603466037,609.7248656251244,65.1284840265909
2569,0.0,799.3307603466037,609.7248656251244,65.1284840265909
2570,0.0,799.3307603466037,609.7248656251244,65.1284840265909
2571,0.0,799.3307603466037,609.7248656251244,65.1284840265909
2572,0.0,799.3307603466037,609.7248656251244,65.1284840265909
2573,0.0,799.3307603466037,609.7248656251244,65.1284840265909
2574,0.0,799.3307603466037,609.7248656251244,65.1284840265909
2575,0.0,799.3307603466037,609.7248656251244,65.1284840265909
2576,0.0,799.3307603466037,609.7248656251244,65.1284840265909
2577,0.0,799.3307603466037,609.7248656251244,65.1284840265909
2578,0.0,799.3307603466037,609.7248656251244,65.1284840265909
2579,0.0,799.3307603466037,609.7248656251244,65.1284840265909
2580,0.0,799.3307603466037,609.7248656251244,65.1284840265909
2581,0.0,799.3307603466037,609.7248656251244,65.1284840265909
2582,0.0,799.3307603466037,609.7248656251244,65.1284840265909
2583,0.0,799.3307603466037,609.7248656251244,65.1284840265909
2584,0.0,799.3307603466037,609.7248656251244,65.1284840265909
2585,0.0,799.3307603466037,609.7248656251244,65.1284840265909
2586,0.0,799.3307603466037,609.7248656251244,65.1284840265909
2587,0.0,799.3307603466037,609.7248656251244,65.1284840265909
2588,0.0,799.3307603466037,609.7248656251244,65.1284840265909
2589,0.0,799.3307603466037,609.7248656251244,65.1284840265909
2590,0.0,799.3307603466037,609.7248656251244,65.1284840265909
2591,0.0,799.3307603466037,609.7248656251244,65.1284840265909
2592,0.0,726.1382871306139,613.25599682275,64.4751653671264
2593,0.0,726.1382871306139,613.25599682275,64.4751653671264
2594,0.0,726.1382871306139,613.25599682275,64.4751653671264
2595,0.0,726.1382871306139,613.25599682275,64.4751653671264
2596,0.0,726.1382871306139,613.25599682275,64.4751653671264
2597,0.0,726.1382871306139,613.25599682275,64.4751653671264
2598,0.0,726.1382871306139,613.25599682275,64.4751653671264
2599,0.0,726.1382871306139,613.25599682275,64.4751653671264
2600,0.0,726.1382871306139,613.25599682275,64.4751653671264
2601,0.0,726.1382871306139,613.25599682275,64.4751653671264
2602,0.0,726.1382871306139,613.25599682275,64.4751653671264
2603,0.0,726.1382871306139,613.25599682275,64.4751653671264
2604,0.0,726.1382871306139,613.25599682275,64.4751653671264
2605,0.0,726.1382871306139,613.25599682275,64.4751653671264
2606,0.0,726.1382871306139,613.25599682275,64.4751653671264
2607,0.0,726.1382871306139,613.25599682275,64.4751653671264
2608,0.0,726.1382871306139,613.25599682275,64.4751653671264
2609,0.0,726.1382871306139,613.25599682275,64.4751653671264
2610,0.0,726.1382871306139,613.25599682275,64.4751653671264
2611,0.0,726.1382871306139,613.25599682275,64.4751653671264
2612,0.0,726.1382871306139,613.25599682275,64.4751653671264
2613,0.0,726.1382871306139,613.25599682275,64.4751653671264
2614,0.0,726.1382871306139,613.25599682275,64.4751653671264
2615,0.0,726.1382871306139,613.25599682275,64.4751653671264
2616,0.0,1240.4980872951,511.97084450765385,63.4732013702392
2617,0.0,1240.4980872951,511.97084450765385,63.4732013702392
2618,0.0,1240.4980872951,511.97084450765385,63.4732013702392
2619,0.0,1240.4980872951,511.97084450765385,63.4732013702392
2620,0.0,1240.4980872951,511.97084450765385,63.4732013702392
2621,0.0,1240.4980872951,511.97084450765385,63.4732013702392
2622,0.0,1240.4980872951,511.97084450765385,63.4732013702392
2623,0.0,1240.4980872951,511.97084450765385,63.4732013702392
2624,0.0,1240.4980872951,511.97084450765385,63.4732013702392
2625,0.0,1240.4980872951,511.97084450765385,63.4732013702392
2626,0.0,1240.4980872951,511.97084450765385,63.4732013702392
2627,0.0,1240.4980872951,511.97084450765385,63.4732013702392
2628,0.0,1240.4980872951,511.97084450765385,63.4732013702392
2629,0.0,1240.4980872951,511.97084450765385,63.4732013702392
2630,0.0,1240.4980872951,511.97084450765385,63.4732013702392
2631,0.0,1240.4980872951,511.97084450765385,63.4732013702392
2632,0.0,1240.4980872951,511.97084450765385,63.4732013702392
2633,0.0,1240.4980872951,511.97084450765385,63.4732013702392
2634,0.0,1240.4980872951,511.97084450765385,63.4732013702392
2635,0.0,1240.4980872951,511.97084450765385,63.4732013702392
2636,0.0,1240.4980872951,511.97084450765385,63.4732013702392
2637,0.0,1240.4980872951,511.97084450765385,63.4732013702392
2638,0.0,1240.4980872951,511.97084450765385,63.4732013702392
2639,0.0,1240.4980872951,511.97084450765385,63.4732013702392
2640,0.0,1166.3964343191005,594.9448352047729,64.2226067225138
2641,0.0,1166.3964343191005,594.9448352047729,64.2226067225138
2642,0.0,1166.3964343191005,594.9448352047729,64.2226067225138
2643,0.0,1166.3964343191005,594.9448352047729,64.2226067225138
2644,0.0,1166.3964343191005,594.9448352047729,64.2226067225138
2645,0.0,1166.3964343191005,594.9448352047729,64.2226067225138
2646,0.0,1166.3964343191005,594.9448352047729,64.2226067225138
2647,0.0,1166.3964343191005,594.9448352047729,64.2226067225138
2648,0.0,1166.3964343191005,594.9448352047729,64.2226067225138
2649,0.0,1166.3964343191005,594.9448352047729,64.2226067225138
2650,0.0,1166.3964343191005,594.9448352047729,64.2226067225138
2651,0.0,1166.3964343191005,594.9448352047729,64.2226067225138
2652,0.0,1166.3964343191005,594.9448352047729,64.2226067225138
2653,0.0,1166.3964343191005,594.9448352047729,64.2226067225138
2654,0.0,1166.3964343191005,594.9448352047729,64.2226067225138
2655,0.0,1166.3964343191005,594.9448352047729,64.2226067225138
2656,0.0,1166.3964343191005,594.9448352047729,64.2226067225138
2657,0.0,1166.3964343191005,594.9448352047729,64.2226067225138
2658,0.0,1166.3964343191005,594.9448352047729,64.2226067225138
2659,0.0,1166.3964343191005,594.9448352047729,64.2226067225138
2660,0.0,1166.3964343191005,594.9448352047729,64.2226067225138
2661,0.0,1166.3964343191005,594.9448352047729,64.2226067225138
2662,0.0,1166.3964343191005,594.9448352047729,64.2226067225138
2663,0.0,1166.3964343191005,594.9448352047729,64.2226067225138
2664,0.0,816.4965820831562,660.396345011393,64.2797475814819
2665,0.0,816.4965820831562,660.396345011393,64.2797475814819
2666,0.0,816.4965820831562,660.396345011393,64.2797475814819
2667,0.0,816.4965820831562,660.396345011393,64.2797475814819
2668,0.0,816.4965820831562,660.396345011393,64.2797475814819
2669,0.0,816.4965820831562,660.396345011393,64.2797475814819
2670,0.0,816.4965820831562,660.396345011393,64.2797475814819
2671,0.0,816.4965820831562,660.396345011393,64.2797475814819
2672,0.0,816.4965820831562,660.396345011393,64.2797475814819
2673,0.0,816.4965820831562,660.396345011393,64.2797475814819
2674,0.0,816.4965820831562,660.396345011393,64.2797475814819
2675,0.0,816.4965820831562,660.396345011393,64.2797475814819
2676,0.0,816.4965820831562,660.396345011393,64.2797475814819
2677,0.0,816.4965820831562,660.396345011393,64.2797475814819
2678,0.0,816.4965820831562,660.396345011393,64.2797475814819
2679,0.0,816.4965820831562,660.396345011393,64.2797475814819
2680,0.0,816.4965820831562,660.396345011393,64.2797475814819
2681,0.0,816.4965820831562,660.396345011393,64.2797475814819
2682,0.0,816.4965820831562,660.396345011393,64.2797475814819
2683,0.0,816.4965820831562,660.396345011393,64.2797475814819
2684,0.0,816.4965820831562,660.396345011393,64.2797475814819
2685,0.0,816.4965820831562,660.396345011393,64.2797475814819
2686,0.0,816.4965820831562,660.396345011393,64.2797475814819
2687,0.0,816.4965820831562,660.396345011393,64.2797475814819
2688,0.0,1219.08080219373,648.140610758463,64.816533088684
2689,0.0,1219.08080219373,648.140610758463,64.816533088684
2690,0.0,1219.08080219373,648.140610758463,64.816533088684
2691,0.0,1219.08080219373,648.140610758463,64.816533088684
2692,0.0,1219.08080219373,648.140610758463,64.816533088684
2693,0.0,1219.08080219373,648.140610758463,64.816533088684
2694,0.0,1219.08080219373,648.140610758463,64.816533088684
2695,0.0,1219.08080219373,648.140610758463,64.816533088684
2696,0.0,1219.08080219373,648.140610758463,64.816533088684
2697,0.0,1219.08080219373,648.140610758463,64.816533088684
2698,0.0,1219.08080219373,648.140610758463,64.816533088684
2699,0.0,1219.08080219373,648.140610758463,64.816533088684
2700,0.0,1219.08080219373,648.140610758463,64.816533088684
2701,0.0,1219.08080219373,648.140610758463,64.816533088684
2702,0.0,1219.08080219373,648.140610758463,64.816533088684
2703,0.0,1219.08080219373,648.140610758463,64.816533088684
2704,0.0,1219.08080219373,648.140610758463,64.816533088684
2705,0.0,1219.08080219373,648.140610758463,64.816533088684
2706,0.0,1219.08080219373,648.140610758463,64.816533088684
2707,0.0,1219.08080219373,648.140610758463,64.816533088684
2708,0.0,1219.08080219373,648.140610758463,64.816533088684
2709,0.0,1219.08080219373,648.140610758463,64.816533088684
2710,0.0,1219.08080219373,648.140610758463,64.816533088684
2711,0.0,1219.08080219373,648.140610758463,64.816533088684
2712,0.0,1206.11848859315,620.8384252822888,67.416533088684
2713,0.0,1206.11848859315,620.8384252822888,67.416533088684
2714,0.0,1206.11848859315,620.8384252822888,67.416533088684
2715,0.0,1206.11848859315,620.8384252822888,67.416533088684
2716,0.0,1206.11848859315,620.8384252822888,67.416533088684
2717,0.0,1206.11848859315,620.8384252822888,67.416533088684
2718,0.0,1206.11848859315,620.8384252822888,67.416533088684
2719,0.0,1206.11848859315,620.8384252822888,67.416533088684
2720,0.0,1206.11848859315,620.8384252822888,67.416533088684
2721,0.0,1206.11848859315,620.8384252822888,67.416533088684
2722,0.0,1206.11848859315,620.8384252822888,67.416533088684
2723,0.0,1206.11848859315,620.8384252822888,67.416533088684
2724,0.0,1206.11848859315,620.8384252822888,67.416533088684
2725,0.0,1206.11848859315,620.8384252822888,67.416533088684
2726,0.0,1206.11848859315,620.8384252822888,67.416533088684
2727,0.0,1206.11848859315,620.8384252822888,67.416533088684
2728,0.0,1206.11848859315,620.8384252822888,67.416533088684
2729,0.0,1206.11848859315,620.8384252822888,67.416533088684
2730,0.0,1206.11848859315,620.8384252822888,67.416533088684
2731,0.0,1206.11848859315,620.8384252822888,67.416533088684
2732,0.0,1206.11848859315,620.8384252822888,67.416533088684
2733,0.0,1206.11848859315,620.8384252822888,67.416533088684
2734,0.0,1206.11848859315,620.8384252822888,67.416533088684
2735,0.0,1206.11848859315,620.8384252822888,67.416533088684
2736,0.0,1200.39596569276,625.552688598632,67.6070072809855
2737,0.0,1200.39596569276,625.552688598632,67.6070072809855
2738,0.0,1200.39596569276,625.552688598632,67.6070072809855
2739,0.0,1200.39596569276,625.552688598632,67.6070072809855
2740,0.0,1200.39596569276,625.552688598632,67.6070072809855
2741,0.0,1200.39596569276,625.552688598632,67.6070072809855
2742,0.0,1200.39596569276,625.552688598632,67.6070072809855
2743,0.0,1200.39596569276,625.552688598632,67.6070072809855
2744,0.0,1200.39596569276,625.552688598632,67.6070072809855
2745,0.0,1200.39596569276,625.552688598632,67.6070072809855
2746,0.0,1200.39596569276,625.552688598632,67.6070072809855
2747,0.0,1200.39596569276,625.552688598632,67.6070072809855
2748,0.0,1200.39596569276,625.552688598632,67.6070072809855
2749,0.0,1200.39596569276,625.552688598632,67.6070072809855
2750,0.0,1200.39596569276,625.552688598632,67.6070072809855
2751,0.0,1200.39596569276,625.552688598632,67.6070072809855
2752,0.0,1200.39596569276,625.552688598632,67.6070072809855
2753,0.0,1200.39596569276,625.552688598632,67.6070072809855
2754,0.0,1200.39596569276,625.552688598632,67.6070072809855
2755,0.0,1200.39596569276,625.552688598632,67.6070072809855
2756,0.0,1200.39596569276,625.552688598632,67.6070072809855
2757,0.0,1200.39596569276,625.552688598632,67.6070072809855
2758,0.0,1200.39596569276,625.552688598632,67.6070072809855
2759,0.0,1200.39596569276,625.552688598632,67.6070072809855
2760,0.0,1195.75744370383,631.323326619466,63.2248488744099
2761,0.0,1195.75744370383,631.323326619466,63.2248488744099
2762,0.0,1195.75744370383,631.323326619466,63.2248488744099
2763,0.0,1195.75744370383,631.323326619466,63.2248488744099
2764,0.0,1195.75744370383,631.323326619466,63.2248488744099
2765,0.0,1195.75744370383,631.323326619466,63.2248488744099
2766,0.0,1195.75744370383,631.323326619466,63.2248488744099
2767,0.0,1195.75744370383,631.323326619466,63.2248488744099
2768,0.0,1195.75744370383,631.323326619466,63.2248488744099
2769,0.0,1195.75744370383,631.323326619466,63.2248488744099
2770,0.0,1195.75744370383,631.323326619466,63.2248488744099
2771,0.0,1195.75744370383,631.323326619466,63.2248488744099
2772,0.0,1195.75744370383,631.323326619466,63.2248488744099
2773,0.0,1195.75744370383,631.323326619466,63.2248488744099
2774,0.0,1195.75744370383,631.323326619466,63.2248488744099
2775,0.0,1195.75744370383,631.323326619466,63.2248488744099
2776,0.0,1195.75744370383,631.323326619466,63.2248488744099
2777,0.0,1195.75744370383,631.323326619466,63.2248488744099
2778,0.0,1195.75744370383,631.323326619466,63.2248488744099
2779,0.0,1195.75744370383,631.323326619466,63.2248488744099
2780,0.0,1195.75744370383,631.323326619466,63.2248488744099
2781,0.0,1195.75744370383,631.323326619466,63.2248488744099
2782,0.0,1195.75744370383,631.323326619466,63.2248488744099
2783,0.0,1195.75744370383,631.323326619466,63.2248488744099
2784,0.0,1055.4786130472858,638.715239461262,60.7788169860839
2785,0.0,1055.4786130472858,638.715239461262,60.7788169860839
2786,0.0,1055.4786130472858,638.715239461262,60.7788169860839
2787,0.0,1055.4786130472858,638.715239461262,60.7788169860839
2788,0.0,1055.4786130472858,638.715239461262,60.7788169860839
2789,0.0,1055.4786130472858,638.715239461262,60.7788169860839
2790,0.0,1055.4786130472858,638.715239461262,60.7788169860839
2791,0.0,1055.4786130472858,638.715239461262,60.7788169860839
2792,0.0,1055.4786130472858,638.715239461262,60.7788169860839
2793,0.0,1055.4786130472858,638.715239461262,60.7788169860839
2794,0.0,1055.4786130472858,638.715239461262,60.7788169860839
2795,0.0,1055.4786130472858,638.715239461262,60.7788169860839
2796,0.0,1055.4786130472858,638.715239461262,60.7788169860839
2797,0.0,1055.4786130472858,638.715239461262,60.7788169860839
2798,0.0,1055.4786130472858,638.715239461262,60.7788169860839
2799,0.0,1055.4786130472858,638.715239461262,60.7788169860839
2800,0.0,1055.4786130472858,638.715239461262,60.7788169860839
2801,0.0,1055.4786130472858,638.715239461262,60.7788169860839
2802,0.0,1055.4786130472858,638.715239461262,60.7788169860839
2803,0.0,1055.4786130472858,638.715239461262,60.7788169860839
2804,0.0,1055.4786130472858,638.715239461262,60.7788169860839
2805,0.0,1055.4786130472858,638.715239461262,60.7788169860839
2806,0.0,1055.4786130472858,638.715239461262,60.7788169860839
2807,0.0,1055.4786130472858,638.715239461262,60.7788169860839
2808,0.0,1151.3004352384394,644.156126912434,57.32775293986
2809,0.0,1151.3004352384394,644.156126912434,57.32775293986
2810,0.0,1151.3004352384394,644.156126912434,57.32775293986
2811,0.0,1151.3004352384394,644.156126912434,57.32775293986
2812,0.0,1151.3004352384394,644.156126912434,57.32775293986
2813,0.0,1151.3004352384394,644.156126912434,57.32775293986
2814,0.0,1151.3004352384394,644.156126912434,57.32775293986
2815,0.0,1151.3004352384394,644.156126912434,57.32775293986
2816,0.0,1151.3004352384394,644.156126912434,57.32775293986
2817,0.0,1151.3004352384394,644.156126912434,57.32775293986
2818,0.0,1151.3004352384394,644.156126912434,57.32775293986
2819,0.0,1151.3004352384394,644.156126912434,57.32775293986
2820,0.0,1151.3004352384394,644.156126912434,57.32775293986
2821,0.0,1151.3004352384394,644.156126912434,57.32775293986
2822,0.0,1151.3004352384394,644.156126912434,57.32775293986
2823,0.0,1151.3004352384394,644.156126912434,57.32775293986
2824,0.0,1151.3004352384394,644.156126912434,57.32775293986
2825,0.0,1151.3004352384394,644.156126912434,57.32775293986
2826,0.0,1151.3004352384394,644.156126912434,57.32775293986
2827,0.0,1151.3004352384394,644.156126912434,57.32775293986
2828,0.0,1151.3004352384394,644.156126912434,57.32775293986
2829,0.0,1151.3004352384394,644.156126912434,57.32775293986
2830,0.0,1151.3004352384394,644.156126912434,57.32775293986
2831,0.0,1151.3004352384394,644.156126912434,57.32775293986
2832,0.0,1182.18172146014,649.706930541992,52.012116241455
2833,0.0,1182.18172146014,649.706930541992,52.012116241455
2834,0.0,1182.18172146014,649.706930541992,52.012116241455
2835,0.0,1182.18172146014,649.706930541992,52.012116241455
2836,0.0,1182.18172146014,649.706930541992,52.012116241455
2837,0.0,1182.18172146014,649.706930541992,52.012116241455
2838,0.0,1182.18172146014,649.706930541992,52.012116241455
2839,0.0,1182.18172146014,649.706930541992,52.012116241455
2840,0.0,1182.18172146014,649.706930541992,52.012116241455
2841,0.0,1182.18172146014,649.706930541992,52.012116241455
2842,0.0,1182.18172146014,649.706930541992,52.012116241455
2843,0.0,1182.18172146014,649.706930541992,52.012116241455
2844,0.0,1182.18172146014,649.706930541992,52.012116241455
2845,0.0,1182.18172146014,649.706930541992,52.012116241455
2846,0.0,1182.18172146014,649.706930541992,52.012116241455
2847,0.0,1182.18172146014,649.706930541992,52.012116241455
2848,0.0,1182.18172146014,649.706930541992,52.012116241455
2849,0.0,1182.18172146014,649.706930541992,52.012116241455
2850,0.0,1182.18172146014,649.706930541992,52.012116241455
2851,0.0,1182.18172146014,649.706930541992,52.012116241455
2852,0.0,1182.18172146014,649.706930541992,52.012116241455
2853,0.0,1182.18172146014,649.706930541992,52.012116241455
2854,0.0,1182.18172146014,649.706930541992,52.012116241455
2855,0.0,1182.18172146014,649.706930541992,52.012116241455
2856,0.0,1174.75816702853,647.673467000325,45.612116241455
2857,0.0,1174.75816702853,647.673467000325,45.612116241455
2858,0.0,1174.75816702853,647.673467000325,45.612116241455
2859,0.0,1174.75816702853,647.673467000325,45.612116241455
2860,0.0,1174.75816702853,647.673467000325,45.612116241455
2861,0.0,1174.75816702853,647.673467000325,45.612116241455
2862,0.0,1174.75816702853,647.673467000325,45.612116241455
2863,0.0,1174.75816702853,647.673467000325,45.612116241455
2864,0.0,1174.75816702853,647.673467000325,45.612116241455
2865,0.0,1174.75816702853,647.673467000325,45.612116241455
2866,0.0,1174.75816702853,647.673467000325,45.612116241455
2867,0.0,1174.75816702853,647.673467000325,45.612116241455
2868,0.0,1174.75816702853,647.673467000325,45.612116241455
2869,0.0,1174.75816702853,647.673467000325,45.612116241455
2870,0.0,1174.75816702853,647.673467000325,45.612116241455
2871,0.0,1174.75816702853,647.673467000325,45.612116241455
2872,0.0,1174.75816702853,647.673467000325,45.612116241455
2873,0.0,1174.75816702853,647.673467000325,45.612116241455
2874,0.0,1174.75816702853,647.673467000325,45.612116241455
2875,0.0,1174.75816702853,647.673467000325,45.612116241455
2876,0.0,1174.75816702853,647.673467000325,45.612116241455
2877,0.0,1174.75816702853,647.673467000325,45.612116241455
2878,0.0,1174.75816702853,647.673467000325,45.612116241455
2879,0.0,1174.75816702853,647.673467000325,45.612116241455
2880,0.0,569.0596355108464,648.827595011393,39.4166196187337
2881,0.0,569.0596355108464,648.827595011393,39.4166196187337
2882,0.0,569.0596355108464,648.827595011393,39.4166196187337
2883,0.0,569.0596355108464,648.827595011393,39.4166196187337
2884,0.0,569.0596355108464,648.827595011393,39.4166196187337
2885,0.0,569.0596355108464,648.827595011393,39.4166196187337
2886,0.0,569.0596355108464,648.827595011393,39.4166196187337
2887,0.0,569.0596355108464,648.827595011393,39.4166196187337
2888,0.0,569.0596355108464,648.827595011393,39.4166196187337
2889,0.0,569.0596355108464,648.827595011393,39.4166196187337
2890,0.0,569.0596355108464,648.827595011393,39.4166196187337
2891,0.0,569.0596355108464,648.827595011393,39.4166196187337
2892,0.0,569.0596355108464,648.827595011393,39.4166196187337
2893,0.0,569.0596355108464,648.827595011393,39.4166196187337
2894,0.0,569.0596355108464,648.827595011393,39.4166196187337
2895,0.0,569.0596355108464,648.827595011393,39.4166196187337
2896,0.0,569.0596355108464,648.827595011393,39.4166196187337
2897,0.0,569.0596355108464,648.827595011393,39.4166196187337
2898,0.0,569.0596355108464,648.827595011393,39.4166196187337
2899,0.0,569.0596355108464,648.827595011393,39.4166196187337
2900,0.0,569.0596355108464,648.827595011393,39.4166196187337
2901,0.0,569.0596355108464,648.827595011393,39.4166196187337
2902,0.0,569.0596355108464,648.827595011393,39.4166196187337
2903,0.0,569.0596355108464,648.827595011393,39.4166196187337
2904,0.0,1173.91281009162,657.950697835286,36.8786043802897
2905,0.0,1173.91281009162,657.950697835286,36.8786043802897
2906,0.0,1173.91281009162,657.950697835286,36.8786043802897
2907,0.0,1173.91281009162,657.950697835286,36.8786043802897
2908,0.0,1173.91281009162,657.950697835286,36.8786043802897
2909,0.0,1173.91281009162,657.950697835286,36.8786043802897
2910,0.0,1173.91281009162,657.950697835286,36.8786043802897
2911,0.0,1173.91281009162,657.950697835286,36.8786043802897
2912,0.0,1173.91281009162,657.950697835286,36.8786043802897
2913,0.0,1173.91281009162,657.950697835286,36.8786043802897
2914,0.0,1173.91281009162,657.950697835286,36.8786043802897
2915,0.0,1173.91281009162,657.950697835286,36.8786043802897
2916,0.0,1173.91281009162,657.950697835286,36.8786043802897
2917,0.0,1173.91281009162,657.950697835286,36.8786043802897
2918,0.0,1173.91281009162,657.950697835286,36.8786043802897
2919,0.0,1173.91281009162,657.950697835286,36.8786043802897
2920,0.0,1173.91281009162,657.950697835286,36.8786043802897
2921,0.0,1173.91281009162,657.950697835286,36.8786043802897
2922,0.0,1173.91281009162,657.950697835286,36.8786043802897
2923,0.0,1173.91281009162,657.950697835286,36.8786043802897
2924,0.0,1173.91281009162,657.950697835286,36.8786043802897
2925,0.0,1173.91281009162,657.950697835286,36.8786043802897
2926,0.0,1173.91281009162,657.950697835286,36.8786043802897
2927,0.0,1173.91281009162,657.950697835286,36.8786043802897
2928,0.0,1171.66800039653,0.0,34.9043966929117
2929,0.0,1171.66800039653,0.0,34.9043966929117
2930,0.0,1171.66800039653,0.0,34.9043966929117
2931,0.0,1171.66800039653,0.0,34.9043966929117
2932,0.0,1171.66800039653,0.0,34.9043966929117
2933,0.0,1171.66800039653,0.0,34.9043966929117
2934,0.0,1171.66800039653,0.0,34.9043966929117
2935,0.0,1171.66800039653,0.0,34.9043966929117
2936,0.0,1171.66800039653,0.0,34.9043966929117
2937,0.0,1171.66800039653,0.0,34.9043966929117
2938,0.0,1171.66800039653,0.0,34.9043966929117
2939,0.0,1171.66800039653,0.0,34.9043966929117
2940,0.0,1171.66800039653,0.0,34.9043966929117
2941,0.0,1171.66800039653,0.0,34.9043966929117
2942,0.0,1171.66800039653,0.0,34.9043966929117
2943,0.0,1171.66800039653,0.0,34.9043966929117
2944,0.0,1171.66800039653,0.0,34.9043966929117
2945,0.0,1171.66800039653,0.0,34.9043966929117
2946,0.0,1171.66800039653,0.0,34.9043966929117
2947,0.0,1171.66800039653,0.0,34.9043966929117
2948,0.0,1171.66800039653,0.0,34.9043966929117
2949,0.0,1171.66800039653,0.0,34.9043966929117
2950,0.0,1171.66800039653,0.0,34.9043966929117
2951,0.0,1171.66800039653,0.0,34.9043966929117
2952,6.8616695082184,1170.05569289299,0.0,33.0755957921345
2953,6.8616695082184,1170.05569289299,0.0,33.0755957921345
2954,6.8616695082184,1170.05569289299,0.0,33.0755957921345
2955,6.8616695082184,1170.05569289299,0.0,33.0755957921345
2956,6.8616695082184,1170.05569289299,0.0,33.0755957921345
2957,6.8616695082184,1170.05569289299,0.0,33.0755957921345
2958,6.8616695082184,1170.05569289299,0.0,33.0755957921345
2959,6.8616695082184,1170.05569289299,0.0,33.0755957921345
2960,6.8616695082184,1170.05569289299,0.0,33.0755957921345
2961,6.8616695082184,1170.05569289299,0.0,33.0755957921345
2962,6.8616695082184,1170.05569289299,0.0,33.0755957921345
2963,6.8616695082184,1170.05569289299,0.0,33.0755957921345
2964,6.8616695082184,1170.05569289299,0.0,33.0755957921345
2965,6.8616695082184,1170.05569289299,0.0,33.0755957921345
2966,6.8616695082184,1170.05569289299,0.0,33.0755957921345
2967,6.8616695082184,1170.05569289299,0.0,33.0755957921345
2968,6.8616695082184,1170.05569289299,0.0,33.0755957921345
2969,6.8616695082184,1170.05569289299,0.0,33.0755957921345
2970,6.8616695082184,1170.05569289299,0.0,33.0755957921345
2971,6.8616695082184,1170.05569289299,0.0,33.0755957921345
2972,6.8616695082184,1170.05569289299,0.0,33.0755957921345
2973,6.8616695082184,1170.05569289299,0.0,33.0755957921345
2974,6.8616695082184,1170.05569289299,0.0,33.0755957921345
2975,6.8616695082184,1170.05569289299,0.0,33.0755957921345
2976,46.7772228415517,1129.5818145285446,0.0,32.359708627065
2977,46.7772228415517,1129.5818145285446,0.0,32.359708627065
2978,46.7772228415517,1129.5818145285446,0.0,32.359708627065
2979,46.7772228415517,1129.5818145285446,0.0,32.359708627065
2980,46.7772228415517,1129.5818145285446,0.0,32.359708627065
2981,46.7772228415517,1129.5818145285446,0.0,32.359708627065
2982,46.7772228415517,1129.5818145285446,0.0,32.359708627065
2983,46.7772228415517,1129.5818145285446,0.0,32.359708627065
2984,46.7772228415517,1129.5818145285446,0.0,32.359708627065
2985,46.7772228415517,1129.5818145285446,0.0,32.359708627065
2986,46.7772228415517,1129.5818145285446,0.0,32.359708627065
2987,46.7772228415517,1129.5818145285446,0.0,32.359708627065
2988,46.7772228415517,1129.5818145285446,0.0,32.359708627065
2989,46.7772228415517,1129.5818145285446,0.0,32.359708627065
2990,46.7772228415517,1129.5818145285446,0.0,32.359708627065
2991,46.7772228415517,1129.5818145285446,0.0,32.359708627065
2992,46.7772228415517,1129.5818145285446,0.0,32.359708627065
2993,46.7772228415517,1129.5818145285446,0.0,32.359708627065
2994,46.7772228415517,1129.5818145285446,0.0,32.359708627065
2995,46.7772228415517,1129.5818145285446,0.0,32.359708627065
2996,46.7772228415517,1129.5818145285446,0.0,32.359708627065
2997,46.7772228415517,1129.5818145285446,0.0,32.359708627065
2998,46.7772228415517,1129.5818145285446,0.0,32.359708627065
2999,46.7772228415517,1129.5818145285446,0.0,32.359708627065
3000,68.8382909702318,1009.9933917196877,612.8159919158162,32.1804029782613
3001,68.8382909702318,1009.9933917196877,612.8159919158162,32.1804029782613
3002,68.8382909702318,1009.9933917196877,612.8159919158162,32.1804029782613
3003,68.8382909702318,1009.9933917196877,612.8159919158162,32.1804029782613
3004,68.8382909702318,1009.9933917196877,612.8159919158162,32.1804029782613
3005,68.8382909702318,1009.9933917196877,612.8159919158162,32.1804029782613
3006,68.8382909702318,1009.9933917196877,612.8159919158162,32.1804029782613
3007,68.8382909702318,1009.9933917196877,612.8159919158162,32.1804029782613
3008,68.8382909702318,1009.9933917196877,612.8159919158162,32.1804029782613
3009,68.8382909702318,1009.9933917196877,612.8159919158162,32.1804029782613
3010,68.8382909702318,1009.9933917196877,612.8159919158162,32.1804029782613
3011,68.8382909702318,1009.9933917196877,612.8159919158162,32.1804029782613
3012,68.8382909702318,1009.9933917196877,612.8159919158162,32.1804029782613
3013,68.8382909702318,1009.9933917196877,612.8159919158162,32.1804029782613
3014,68.8382909702318,1009.9933917196877,612.8159919158162,32.1804029782613
3015,68.8382909702318,1009.9933917196877,612.8159919158162,32.1804029782613
3016,68.8382909702318,1009.9933917196877,612.8159919158162,32.1804029782613
3017,68.8382909702318,1009.9933917196877,612.8159919158162,32.1804029782613
3018,68.8382909702318,1009.9933917196877,612.8159919158162,32.1804029782613
3019,68.8382909702318,1009.9933917196877,612.8159919158162,32.1804029782613
3020,68.8382909702318,1009.9933917196877,612.8159919158162,32.1804029782613
3021,68.8382909702318,1009.9933917196877,612.8159919158162,32.1804029782613
3022,68.8382909702318,1009.9933917196877,612.8159919158162,32.1804029782613
3023,68.8382909702318,1009.9933917196877,612.8159919158162,32.1804029782613
3024,102.515850970231,953.8686070260321,658.610198974609,31.6067256609598
3025,102.515850970231,953.8686070260321,658.610198974609,31.6067256609598
3026,102.515850970231,953.8686070260321,658.610198974609,31.6067256609598
3027,102.515850970231,953.8686070260321,658.610198974609,31.6067256609598
3028,102.515850970231,953.8686070260321,658.610198974609,31.6067256609598
3029,102.515850970231,953.8686070260321,658.610198974609,31.6067256609598
3030,102.515850970231,953.8686070260321,658.610198974609,31.6067256609598
3031,102.515850970231,953.8686070260321,658.610198974609,31.6067256609598
3032,102.515850970231,953.8686070260321,658.610198974609,31.6067256609598
3033,102.515850970231,953.8686070260321,658.610198974609,31.6067256609598
3034,102.515850970231,953.8686070260321,658.610198974609,31.6067256609598
3035,102.515850970231,953.8686070260321,658.610198974609,31.6067256609598
3036,102.515850970231,953.8686070260321,658.610198974609,31.6067256609598
3037,102.515850970231,953.8686070260321,658.610198974609,31.6067256609598
3038,102.515850970231,953.8686070260321,658.610198974609,31.6067256609598
3039,102.515850970231,953.8686070260321,658.610198974609,31.6067256609598
3040,102.515850970231,953.8686070260321,658.610198974609,31.6067256609598
3041,102.515850970231,953.8686070260321,658.610198974609,31.6067256609598
3042,102.515850970231,953.8686070260321,658.610198974609,31.6067256609598
3043,102.515850970231,953.8686070260321,658.610198974609,31.6067256609598
3044,102.515850970231,953.8686070260321,658.610198974609,31.6067256609598
3045,102.515850970231,953.8686070260321,658.610198974609,31.6067256609598
3046,102.515850970231,953.8686070260321,658.610198974609,31.6067256609598
3047,102.515850970231,953.8686070260321,658.610198974609,31.6067256609598
3048,158.928247105373,1027.2688658620652,661.962664794921,30.4278908411661
3049,158.928247105373,1027.2688658620652,661.962664794921,30.4278908411661
3050,158.928247105373,1027.2688658620652,661.962664794921,30.4278908411661
3051,158.928247105373,1027.2688658620652,661.962664794921,30.4278908411661
3052,158.928247105373,1027.2688658620652,661.962664794921,30.4278908411661
3053,158.928247105373,1027.2688658620652,661.962664794921,30.4278908411661
3054,158.928247105373,1027.2688658620652,661.962664794921,30.4278908411661
3055,158.928247105373,1027.2688658620652,661.962664794921,30.4278908411661
3056,158.928247105373,1027.2688658620652,661.962664794921,30.4278908411661
3057,158.928247105373,1027.2688658620652,661.962664794921,30.4278908411661
3058,158.928247105373,1027.2688658620652,661.962664794921,30.4278908411661
3059,158.928247105373,1027.2688658620652,661.962664794921,30.4278908411661
3060,158.928247105373,1027.2688658620652,661.962664794921,30.4278908411661
3061,158.928247105373,1027.2688658620652,661.962664794921,30.4278908411661
3062,158.928247105373,1027.2688658620652,661.962664794921,30.4278908411661
3063,158.928247105373,1027.2688658620652,661.962664794921,30.4278908411661
3064,158.928247105373,1027.2688658620652,661.962664794921,30.4278908411661
3065,158.928247105373,1027.2688658620652,661.962664794921,30.4278908411661
3066,158.928247105373,1027.2688658620652,661.962664794921,30.4278908411661
3067,158.928247105373,1027.2688658620652,661.962664794921,30.4278908411661
3068,158.928247105373,1027.2688658620652,661.962664794921,30.4278908411661
3069,158.928247105373,1027.2688658620652,661.962664794921,30.4278908411661
3070,158.928247105373,1027.2688658620652,661.962664794921,30.4278908411661
3071,158.928247105373,1027.2688658620652,661.962664794921,30.4278908411661
3072,221.556212958238,1109.31547859228,667.953135172526,30.3259075800577
3073,221.556212958238,1109.31547859228,667.953135172526,30.3259075800577
3074,221.556212958238,1109.31547859228,667.953135172526,30.3259075800577
3075,221.556212958238,1109.31547859228,667.953135172526,30.3259075800577
3076,221.556212958238,1109.31547859228,667.953135172526,30.3259075800577
3077,221.556212958238,1109.31547859228,667.953135172526,30.3259075800577
3078,221.556212958238,1109.31547859228,667.953135172526,30.3259075800577
3079,221.556212958238,1109.31547859228,667.953135172526,30.3259075800577
3080,221.556212958238,1109.31547859228,667.953135172526,30.3259075800577
3081,221.556212958238,1109.31547859228,667.953135172526,30.3259075800577
3082,221.556212958238,1109.31547859228,667.953135172526,30.3259075800577
3083,221.556212958238,1109.31547859228,667.953135172526,30.3259075800577
3084,221.556212958238,1109.31547859228,667.953135172526,30.3259075800577
3085,221.556212958238,1109.31547859228,667.953135172526,30.3259075800577
3086,221.556212958238,1109.31547859228,667.953135172526,30.3259075800577
3087,221.556212958238,1109.31547859228,667.953135172526,30.3259075800577
3088,221.556212958238,1109.31547859228,667.953135172526,30.3259075800577
3089,221.556212958238,1109.31547859228,667.953135172526,30.3259075800577
3090,221.556212958238,1109.31547859228,667.953135172526,30.3259075800577
3091,221.556212958238,1109.31547859228,667.953135172526,30.3259075800577
3092,221.556212958238,1109.31547859228,667.953135172526,30.3259075800577
3093,221.556212958238,1109.31547859228,667.953135172526,30.3259075800577
3094,221.556212958238,1109.31547859228,667.953135172526,30.3259075800577
3095,221.556212958238,1109.31547859228,667.953135172526,30.3259075800577
3096,274.056446291571,1112.47053214963,621.6049154696323,32.1358480453491
3097,274.056446291571,1112.47053214963,621.6049154696323,32.1358480453491
3098,274.056446291571,1112.47053214963,621.6049154696323,32.1358480453491
3099,274.056446291571,1112.47053214963,621.6049154696323,32.1358480453491
3100,274.056446291571,1112.47053214963,621.6049154696323,32.1358480453491
3101,274.056446291571,1112.47053214963,621.6049154696323,32.1358480453491
3102,274.056446291571,1112.47053214963,621.6049154696323,32.1358480453491
3103,274.056446291571,1112.47053214963,621.6049154696323,32.1358480453491
3104,274.056446291571,1112.47053214963,621.6049154696323,32.1358480453491
3105,274.056446291571,1112.47053214963,621.6049154696323,32.1358480453491
3106,274.056446291571,1112.47053214963,621.6049154696323,32.1358480453491
3107,274.056446291571,1112.47053214963,621.6049154696323,32.1358480453491
3108,274.056446291571,1112.47053214963,621.6049154696323,32.1358480453491
3109,274.056446291571,1112.47053214963,621.6049154696323,32.1358480453491
3110,274.056446291571,1112.47053214963,621.6049154696323,32.1358480453491
3111,274.056446291571,1112.47053214963,621.6049154696323,32.1358480453491
3112,274.056446291571,1112.47053214963,621.6049154696323,32.1358480453491
3113,274.056446291571,1112.47053214963,621.6049154696323,32.1358480453491
3114,274.056446291571,1112.47053214963,621.6049154696323,32.1358480453491
3115,274.056446291571,1112.47053214963,621.6049154696323,32.1358480453491
3116,274.056446291571,1112.47053214963,621.6049154696323,32.1358480453491
3117,274.056446291571,1112.47053214963,621.6049154696323,32.1358480453491
3118,274.056446291571,1112.47053214963,621.6049154696323,32.1358480453491
3119,274.056446291571,1112.47053214963,621.6049154696323,32.1358480453491
3120,297.635779624904,960.579812452788,0.0,30.8258189519246
3121,297.635779624904,960.579812452788,0.0,30.8258189519246
3122,297.635779624904,960.579812452788,0.0,30.8258189519246
3123,297.635779624904,960.579812452788,0.0,30.8258189519246
3124,297.635779624904,960.579812452788,0.0,30.8258189519246
3125,297.635779624904,960.579812452788,0.0,30.8258189519246
3126,297.635779624904,960.579812452788,0.0,30.8258189519246
3127,297.635779624904,960.579812452788,0.0,30.8258189519246
3128,297.635779624904,960.579812452788,0.0,30.8258189519246
3129,297.635779624904,960.579812452788,0.0,30.8258189519246
3130,297.635779624904,960.579812452788,0.0,30.8258189519246
3131,297.635779624904,960.579812452788,0.0,30.8258189519246
3132,297.635779624904,960.579812452788,0.0,30.8258189519246
3133,297.635779624904,960.579812452788,0.0,30.8258189519246
3134,297.635779624904,960.579812452788,0.0,30.8258189519246
3135,297.635779624904,960.579812452788,0.0,30.8258189519246
3136,297.635779624904,960.579812452788,0.0,30.8258189519246
3137,297.635779624904,960.579812452788,0.0,30.8258189519246
3138,297.635779624904,960.579812452788,0.0,30.8258189519246
3139,297.635779624904,960.579812452788,0.0,30.8258189519246
3140,297.635779624904,960.579812452788,0.0,30.8258189519246
3141,297.635779624904,960.579812452788,0.0,30.8258189519246
3142,297.635779624904,960.579812452788,0.0,30.8258189519246
3143,297.635779624904,960.579812452788,0.0,30.8258189519246
3144,330.363286291571,990.5579856188176,0.0,34.4235045115152
3145,330.363286291571,990.5579856188176,0.0,34.4235045115152
3146,330.363286291571,990.5579856188176,0.0,34.4235045115152
3147,330.363286291571,990.5579856188176,0.0,34.4235045115152
3148,330.363286291571,990.5579856188176,0.0,34.4235045115152
3149,330.363286291571,990.5579856188176,0.0,34.4235045115152
3150,330.363286291571,990.5579856188176,0.0,34.4235045115152
3151,330.363286291571,990.5579856188176,0.0,34.4235045115152
3152,330.363286291571,990.5579856188176,0.0,34.4235045115152
3153,330.363286291571,990.5579856188176,0.0,34.4235045115152
3154,330.363286291571,990.5579856188176,0.0,34.4235045115152
3155,330.363286291571,990.5579856188176,0.0,34.4235045115152
3156,330.363286291571,990.5579856188176,0.0,34.4235045115152
3157,330.363286291571,990.5579856188176,0.0,34.4235045115152
3158,330.363286291571,990.5579856188176,0.0,34.4235045115152
3159,330.363286291571,990.5579856188176,0.0,34.4235045115152
3160,330.363286291571,990.5579856188176,0.0,34.4235045115152
3161,330.363286291571,990.5579856188176,0.0,34.4235045115152
3162,330.363286291571,990.5579856188176,0.0,34.4235045115152
3163,330.363286291571,990.5579856188176,0.0,34.4235045115152
3164,330.363286291571,990.5579856188176,0.0,34.4235045115152
3165,330.363286291571,990.5579856188176,0.0,34.4235045115152
3166,330.363286291571,990.5579856188176,0.0,34.4235045115152
3167,330.363286291571,990.5579856188176,0.0,34.4235045115152
3168,373.396559624904,1083.94074985361,0.0,36.3167124430338
3169,373.396559624904,1083.94074985361,0.0,36.3167124430338
3170,373.396559624904,1083.94074985361,0.0,36.3167124430338
3171,373.396559624904,1083.94074985361,0.0,36.3167124430338
3172,373.396559624904,1083.94074985361,0.0,36.3167124430338
3173,373.396559624904,1083.94074985361,0.0,36.3167124430338
3174,373.396559624904,1083.94074985361,0.0,36.3167124430338
3175,373.396559624904,1083.94074985361,0.0,36.3167124430338
3176,373.396559624904,1083.94074985361,0.0,36.3167124430338
3177,373.396559624904,1083.94074985361,0.0,36.3167124430338
3178,373.396559624904,1083.94074985361,0.0,36.3167124430338
3179,373.396559624904,1083.94074985361,0.0,36.3167124430338
3180,373.396559624904,1083.94074985361,0.0,36.3167124430338
3181,373.396559624904,1083.94074985361,0.0,36.3167124430338
3182,373.396559624904,1083.94074985361,0.0,36.3167124430338
3183,373.396559624904,1083.94074985361,0.0,36.3167124430338
3184,373.396559624904,1083.94074985361,0.0,36.3167124430338
3185,373.396559624904,1083.94074985361,0.0,36.3167124430338
3186,373.396559624904,1083.94074985361,0.0,36.3167124430338
3187,373.396559624904,1083.94074985361,0.0,36.3167124430338
3188,373.396559624904,1083.94074985361,0.0,36.3167124430338
3189,373.396559624904,1083.94074985361,0.0,36.3167124430338
3190,373.396559624904,1083.94074985361,0.0,36.3167124430338
3191,373.396559624904,1083.94074985361,0.0,36.3167124430338
3192,418.264319624904,1074.02956856218,687.445066324869,39.8715647379557
3193,418.264319624904,1074.02956856218,687.445066324869,39.8715647379557
3194,418.264319624904,1074.02956856218,687.445066324869,39.8715647379557
3195,418.264319624904,1074.02956856218,687.445066324869,39.8715647379557
3196,418.264319624904,1074.02956856218,687.445066324869,39.8715647379557
3197,418.264319624904,1074.02956856218,687.445066324869,39.8715647379557
3198,418.264319624904,1074.02956856218,687.445066324869,39.8715647379557
3199,418.264319624904,1074.02956856218,687.445066324869,39.8715647379557
3200,418.264319624904,1074.02956856218,687.445066324869,39.8715647379557
3201,418.264319624904,1074.02956856218,687.445066324869,39.8715647379557
3202,418.264319624904,1074.02956856218,687.445066324869,39.8715647379557
3203,418.264319624904,1074.02956856218,687.445066324869,39.8715647379557
3204,418.264319624904,1074.02956856218,687.445066324869,39.8715647379557
3205,418.264319624904,1074.02956856218,687.445066324869,39.8715647379557
3206,418.264319624904,1074.02956856218,687.445066324869,39.8715647379557
3207,418.264319624904,1074.02956856218,687.445066324869,39.8715647379557
3208,418.264319624904,1074.02956856218,687.445066324869,39.8715647379557
3209,418.264319624904,1074.02956856218,687.445066324869,39.8715647379557
3210,418.264319624904,1074.02956856218,687.445066324869,39.8715647379557
3211,418.264319624904,1074.02956856218,687.445066324869,39.8715647379557
3212,418.264319624904,1074.02956856218,687.445066324869,39.8715647379557
3213,418.264319624904,1074.02956856218,687.445066324869,39.8715647379557
3214,418.264319624904,1074.02956856218,687.445066324869,39.8715647379557
3215,418.264319624904,1074.02956856218,687.445066324869,39.8715647379557
3216,447.905382958238,843.1856150100957,660.9121288145415,44.8935434977213
3217,447.905382958238,843.1856150100957,660.9121288145415,44.8935434977213
3218,447.905382958238,843.1856150100957,660.9121288145415,44.8935434977213
3219,447.905382958238,843.1856150100957,660.9121288145415,44.8935434977213
3220,447.905382958238,843.1856150100957,660.9121288145415,44.8935434977213
3221,447.905382958238,843.1856150100957,660.9121288145415,44.8935434977213
3222,447.905382958238,843.1856150100957,660.9121288145415,44.8935434977213
3223,447.905382958238,843.1856150100957,660.9121288145415,44.8935434977213
3224,447.905382958238,843.1856150100957,660.9121288145415,44.8935434977213
3225,447.905382958238,843.1856150100957,660.9121288145415,44.8935434977213
3226,447.905382958238,843.1856150100957,660.9121288145415,44.8935434977213
3227,447.905382958238,843.1856150100957,660.9121288145415,44.8935434977213
3228,447.905382958238,843.1856150100957,660.9121288145415,44.8935434977213
3229,447.905382958238,843.1856150100957,660.9121288145415,44.8935434977213
3230,447.905382958238,843.1856150100957,660.9121288145415,44.8935434977213
3231,447.905382958238,843.1856150100957,660.9121288145415,44.8935434977213
3232,447.905382958238,843.1856150100957,660.9121288145415,44.8935434977213
3233,447.905382958238,843.1856150100957,660.9121288145415,44.8935434977213
3234,447.905382958238,843.1856150100957,660.9121288145415,44.8935434977213
3235,447.905382958238,843.1856150100957,660.9121288145415,44.8935434977213
3236,447.905382958238,843.1856150100957,660.9121288145415,44.8935434977213
3237,447.905382958238,843.1856150100957,660.9121288145415,44.8935434977213
3238,447.905382958238,843.1856150100957,660.9121288145415,44.8935434977213
3239,447.905382958238,843.1856150100957,660.9121288145415,44.8935434977213
3240,487.845529624904,1060.94873613484,632.2303858689337,45.8101506551106
3241,487.845529624904,1060.94873613484,632.2303858689337,45.8101506551106
3242,487.845529624904,1060.94873613484,632.2303858689337,45.8101506551106
3243,487.845529624904,1060.94873613484,632.2303858689337,45.8101506551106
3244,487.845529624904,1060.94873613484,632.2303858689337,45.8101506551106
3245,487.845529624904,1060.94873613484,632.2303858689337,45.8101506551106
3246,487.845529624904,1060.94873613484,632.2303858689337,45.8101506551106
3247,487.845529624904,1060.94873613484,632.2303858689337,45.8101506551106
3248,487.845529624904,1060.94873613484,632.2303858689337,45.8101506551106
3249,487.845529624904,1060.94873613484,632.2303858689337,45.8101506551106
3250,487.845529624904,1060.94873613484,632.2303858689337,45.8101506551106
3251,487.845529624904,1060.94873613484,632.2303858689337,45.8101506551106
3252,487.845529624904,1060.94873613484,632.2303858689337,45.8101506551106
3253,487.845529624904,1060.94873613484,632.2303858689337,45.8101506551106
3254,487.845529624904,1060.94873613484,632.2303858689337,45.8101506551106
3255,487.845529624904,1060.94873613484,632.2303858689337,45.8101506551106
3256,487.845529624904,1060.94873613484,632.2303858689337,45.8101506551106
3257,487.845529624904,1060.94873613484,632.2303858689337,45.8101506551106
3258,487.845529624904,1060.94873613484,632.2303858689337,45.8101506551106
3259,487.845529624904,1060.94873613484,632.2303858689337,45.8101506551106
3260,487.845529624904,1060.94873613484,632.2303858689337,45.8101506551106
3261,487.845529624904,1060.94873613484,632.2303858689337,45.8101506551106
3262,487.845529624904,1060.94873613484,632.2303858689337,45.8101506551106
3263,487.845529624904,1060.94873613484,632.2303858689337,45.8101506551106
3264,504.949351252509,1069.23862950609,675.262607828776,47.7482318878173
3265,504.949351252509,1069.23862950609,675.262607828776,47.7482318878173
3266,504.949351252509,1069.23862950609,675.262607828776,47.7482318878173
3267,504.949351252509,1069.23862950609,675.262607828776,47.7482318878173
3268,504.949351252509,1069.23862950609,675.262607828776,47.7482318878173
3269,504.949351252509,1069.23862950609,675.262607828776,47.7482318878173
3270,504.949351252509,1069.23862950609,675.262607828776,47.7482318878173
3271,504.949351252509,1069.23862950609,675.262607828776,47.7482318878173
3272,504.949351252509,1069.23862950609,675.262607828776,47.7482318878173
3273,504.949351252509,1069.23862950609,675.262607828776,47.7482318878173
3274,504.949351252509,1069.23862950609,675.262607828776,47.7482318878173
3275,504.949351252509,1069.23862950609,675.262607828776,47.7482318878173
3276,504.949351252509,1069.23862950609,675.262607828776,47.7482318878173
3277,504.949351252509,1069.23862950609,675.262607828776,47.7482318878173
3278,504.949351252509,1069.23862950609,675.262607828776,47.7482318878173
3279,504.949351252509,1069.23862950609,675.262607828776,47.7482318878173
3280,504.949351252509,1069.23862950609,675.262607828776,47.7482318878173
3281,504.949351252509,1069.23862950609,675.262607828776,47.7482318878173
3282,504.949351252509,1069.23862950609,675.262607828776,47.7482318878173
3283,504.949351252509,1069.23862950609,675.262607828776,47.7482318878173
3284,504.949351252509,1069.23862950609,675.262607828776,47.7482318878173
3285,504.949351252509,1069.23862950609,675.262607828776,47.7482318878173
3286,504.949351252509,1069.23862950609,675.262607828776,47.7482318878173
3287,504.949351252509,1069.23862950609,675.262607828776,47.7482318878173
3288,538.411941585842,1075.54121871451,431.40904200615796,47.8014204661051
3289,538.411941585842,1075.54121871451,431.40904200615796,47.8014204661051
3290,538.411941585842,1075.54121871451,431.40904200615796,47.8014204661051
3291,538.411941585842,1075.54121871451,431.40904200615796,47.8014204661051
3292,538.411941585842,1075.54121871451,431.40904200615796,47.8014204661051
3293,538.411941585842,1075.54121871451,431.40904200615796,47.8014204661051
3294,538.411941585842,1075.54121871451,431.40904200615796,47.8014204661051
3295,538.411941585842,1075.54121871451,431.40904200615796,47.8014204661051
3296,538.411941585842,1075.54121871451,431.40904200615796,47.8014204661051
3297,538.411941585842,1075.54121871451,431.40904200615796,47.8014204661051
3298,538.411941585842,1075.54121871451,431.40904200615796,47.8014204661051
3299,538.411941585842,1075.54121871451,431.40904200615796,47.8014204661051
3300,538.411941585842,1075.54121871451,431.40904200615796,47.8014204661051
3301,538.411941585842,1075.54121871451,431.40904200615796,47.8014204661051
3302,538.411941585842,1075.54121871451,431.40904200615796,47.8014204661051
3303,538.411941585842,1075.54121871451,431.40904200615796,47.8014204661051
3304,538.411941585842,1075.54121871451,431.40904200615796,47.8014204661051
3305,538.411941585842,1075.54121871451,431.40904200615796,47.8014204661051
3306,538.411941585842,1075.54121871451,431.40904200615796,47.8014204661051
3307,538.411941585842,1075.54121871451,431.40904200615796,47.8014204661051
3308,538.411941585842,1075.54121871451,431.40904200615796,47.8014204661051
3309,538.411941585842,1075.54121871451,431.40904200615796,47.8014204661051
3310,538.411941585842,1075.54121871451,431.40904200615796,47.8014204661051
3311,538.411941585842,1075.54121871451,431.40904200615796,47.8014204661051
3312,537.492524919175,1078.66243825406,663.106324693736,49.4393615722656
3313,537.492524919175,1078.66243825406,663.106324693736,49.4393615722656
3314,537.492524919175,1078.66243825406,663.106324693736,49.4393615722656
3315,537.492524919175,1078.66243825406,663.106324693736,49.4393615722656
3316,537.492524919175,1078.66243825406,663.106324693736,49.4393615722656
3317,537.492524919175,1078.66243825406,663.106324693736,49.4393615722656
3318,537.492524919175,1078.66243825406,663.106324693736,49.4393615722656
3319,537.492524919175,1078.66243825406,663.106324693736,49.4393615722656
3320,537.492524919175,1078.66243825406,663.106324693736,49.4393615722656
3321,537.492524919175,1078.66243825406,663.106324693736,49.4393615722656
3322,537.492524919175,1078.66243825406,663.106324693736,49.4393615722656
3323,537.492524919175,1078.66243825406,663.106324693736,49.4393615722656
3324,537.492524919175,1078.66243825406,663.106324693736,49.4393615722656
3325,537.492524919175,1078.66243825406,663.106324693736,49.4393615722656
3326,537.492524919175,1078.66243825406,663.106324693736,49.4393615722656
3327,537.492524919175,1078.66243825406,663.106324693736,49.4393615722656
3328,537.492524919175,1078.66243825406,663.106324693736,49.4393615722656
3329,537.492524919175,1078.66243825406,663.106324693736,49.4393615722656
3330,537.492524919175,1078.66243825406,663.106324693736,49.4393615722656
3331,537.492524919175,1078.66243825406,663.106324693736,49.4393615722656
3332,537.492524919175,1078.66243825406,663.106324693736,49.4393615722656
3333,537.492524919175,1078.66243825406,663.106324693736,49.4393615722656
3334,537.492524919175,1078.66243825406,663.106324693736,49.4393615722656
3335,537.492524919175,1078.66243825406,663.106324693736,49.4393615722656
3336,512.531094919175,1073.15183742868,0.0,53.5726949055989
3337,512.531094919175,1073.15183742868,0.0,53.5726949055989
3338,512.531094919175,1073.15183742868,0.0,53.5726949055989
3339,512.531094919175,1073.15183742868,0.0,53.5726949055989
3340,512.531094919175,1073.15183742868,0.0,53.5726949055989
3341,512.531094919175,1073.15183742868,0.0,53.5726949055989
3342,512.531094919175,1073.15183742868,0.0,53.5726949055989
3343,512.531094919175,1073.15183742868,0.0,53.5726949055989
3344,512.531094919175,1073.15183742868,0.0,53.5726949055989
3345,512.531094919175,1073.15183742868,0.0,53.5726949055989
3346,512.531094919175,1073.15183742868,0.0,53.5726949055989
3347,512.531094919175,1073.15183742868,0.0,53.5726949055989
3348,512.531094919175,1073.15183742868,0.0,53.5726949055989
3349,512.531094919175,1073.15183742868,0.0,53.5726949055989
3350,512.531094919175,1073.15183742868,0.0,53.5726949055989
3351,512.531094919175,1073.15183742868,0.0,53.5726949055989
3352,512.531094919175,1073.15183742868,0.0,53.5726949055989
3353,512.531094919175,1073.15183742868,0.0,53.5726949055989
3354,512.531094919175,1073.15183742868,0.0,53.5726949055989
3355,512.531094919175,1073.15183742868,0.0,53.5726949055989
3356,512.531094919175,1073.15183742868,0.0,53.5726949055989
3357,512.531094919175,1073.15183742868,0.0,53.5726949055989
3358,512.531094919175,1073.15183742868,0.0,53.5726949055989
3359,512.531094919175,1073.15183742868,0.0,53.5726949055989
3360,484.448521154486,1063.06308448821,0.0,55.8363225301106
3361,484.448521154486,1063.06308448821,0.0,55.8363225301106
3362,484.448521154486,1063.06308448821,0.0,55.8363225301106
3363,484.448521154486,1063.06308448821,0.0,55.8363225301106
3364,484.448521154486,1063.06308448821,0.0,55.8363225301106
3365,484.448521154486,1063.06308448821,0.0,55.8363225301106
3366,484.448521154486,1063.06308448821,0.0,55.8363225301106
3367,484.448521154486,1063.06308448821,0.0,55.8363225301106
3368,484.448521154486,1063.06308448821,0.0,55.8363225301106
3369,484.448521154486,1063.06308448821,0.0,55.8363225301106
3370,484.448521154486,1063.06308448821,0.0,55.8363225301106
3371,484.448521154486,1063.06308448821,0.0,55.8363225301106
3372,484.448521154486,1063.06308448821,0.0,55.8363225301106
3373,484.448521154486,1063.06308448821,0.0,55.8363225301106
3374,484.448521154486,1063.06308448821,0.0,55.8363225301106
3375,484.448521154486,1063.06308448821,0.0,55.8363225301106
3376,484.448521154486,1063.06308448821,0.0,55.8363225301106
3377,484.448521154486,1063.06308448821,0.0,55.8363225301106
3378,484.448521154486,1063.06308448821,0.0,55.8363225301106
3379,484.448521154486,1063.06308448821,0.0,55.8363225301106
3380,484.448521154486,1063.06308448821,0.0,55.8363225301106
3381,484.448521154486,1063.06308448821,0.0,55.8363225301106
3382,484.448521154486,1063.06308448821,0.0,55.8363225301106
3383,484.448521154486,1063.06308448821,0.0,55.8363225301106
3384,481.099597821153,1043.7276525833356,0.0,58.7713208516438
3385,481.099597821153,1043.7276525833356,0.0,58.7713208516438
3386,481.099597821153,1043.7276525833356,0.0,58.7713208516438
3387,481.099597821153,1043.7276525833356,0.0,58.7713208516438
3388,481.099597821153,1043.7276525833356,0.0,58.7713208516438
3389,481.099597821153,1043.7276525833356,0.0,58.7713208516438
3390,481.099597821153,1043.7276525833356,0.0,58.7713208516438
3391,481.099597821153,1043.7276525833356,0.0,58.7713208516438
3392,481.099597821153,1043.7276525833356,0.0,58.7713208516438
3393,481.099597821153,1043.7276525833356,0.0,58.7713208516438
3394,481.099597821153,1043.7276525833356,0.0,58.7713208516438
3395,481.099597821153,1043.7276525833356,0.0,58.7713208516438
3396,481.099597821153,1043.7276525833356,0.0,58.7713208516438
3397,481.099597821153,1043.7276525833356,0.0,58.7713208516438
3398,481.099597821153,1043.7276525833356,0.0,58.7713208516438
3399,481.099597821153,1043.7276525833356,0.0,58.7713208516438
3400,481.099597821153,1043.7276525833356,0.0,58.7713208516438
3401,481.099597821153,1043.7276525833356,0.0,58.7713208516438
3402,481.099597821153,1043.7276525833356,0.0,58.7713208516438
3403,481.099597821153,1043.7276525833356,0.0,58.7713208516438
3404,481.099597821153,1043.7276525833356,0.0,58.7713208516438
3405,481.099597821153,1043.7276525833356,0.0,58.7713208516438
3406,481.099597821153,1043.7276525833356,0.0,58.7713208516438
3407,481.099597821153,1043.7276525833356,0.0,58.7713208516438
3408,480.51625348782,1062.04149645962,573.2713778259256,59.996544265747
3409,480.51625348782,1062.04149645962,573.2713778259256,59.996544265747
3410,480.51625348782,1062.04149645962,573.2713778259256,59.996544265747
3411,480.51625348782,1062.04149645962,573.2713778259256,59.996544265747
3412,480.51625348782,1062.04149645962,573.2713778259256,59.996544265747
3413,480.51625348782,1062.04149645962,573.2713778259256,59.996544265747
3414,480.51625348782,1062.04149645962,573.2713778259256,59.996544265747
3415,480.51625348782,1062.04149645962,573.2713778259256,59.996544265747
3416,480.51625348782,1062.04149645962,573.2713778259256,59.996544265747
3417,480.51625348782,1062.04149645962,573.2713778259256,59.996544265747
3418,480.51625348782,1062.04149645962,573.2713778259256,59.996544265747
3419,480.51625348782,1062.04149645962,573.2713778259256,59.996544265747
3420,480.51625348782,1062.04149645962,573.2713778259256,59.996544265747
3421,480.51625348782,1062.04149645962,573.2713778259256,59.996544265747
3422,480.51625348782,1062.04149645962,573.2713778259256,59.996544265747
3423,480.51625348782,1062.04149645962,573.2713778259256,59.996544265747
3424,480.51625348782,1062.04149645962,573.2713778259256,59.996544265747
3425,480.51625348782,1062.04149645962,573.2713778259256,59.996544265747
3426,480.51625348782,1062.04149645962,573.2713778259256,59.996544265747
3427,480.51625348782,1062.04149645962,573.2713778259256,59.996544265747
3428,480.51625348782,1062.04149645962,573.2713778259256,59.996544265747
3429,480.51625348782,1062.04149645962,573.2713778259256,59.996544265747
3430,480.51625348782,1062.04149645962,573.2713778259256,59.996544265747
3431,480.51625348782,1062.04149645962,573.2713778259256,59.996544265747
3432,494.819787228054,1060.55957193442,617.7957741895116,58.1632109324137
3433,494.819787228054,1060.55957193442,617.7957741895116,58.1632109324137
3434,494.819787228054,1060.55957193442,617.7957741895116,58.1632109324137
3435,494.819787228054,1060.55957193442,617.7957741895116,58.1632109324137
3436,494.819787228054,1060.55957193442,617.7957741895116,58.1632109324137
3437,494.819787228054,1060.55957193442,617.7957741895116,58.1632109324137
3438,494.819787228054,1060.55957193442,617.7957741895116,58.1632109324137
3439,494.819787228054,1060.55957193442,617.7957741895116,58.1632109324137
3440,494.819787228054,1060.55957193442,617.7957741895116,58.1632109324137
3441,494.819787228054,1060.55957193442,617.7957741895116,58.1632109324137
3442,494.819787228054,1060.55957193442,617.7957741895116,58.1632109324137
3443,494.819787228054,1060.55957193442,617.7957741895116,58.1632109324137
3444,494.819787228054,1060.55957193442,617.7957741895116,58.1632109324137
3445,494.819787228054,1060.55957193442,617.7957741895116,58.1632109324137
3446,494.819787228054,1060.55957193442,617.7957741895116,58.1632109324137
3447,494.819787228054,1060.55957193442,617.7957741895116,58.1632109324137
3448,494.819787228054,1060.55957193442,617.7957741895116,58.1632109324137
3449,494.819787228054,1060.55957193442,617.7957741895116,58.1632109324137
3450,494.819787228054,1060.55957193442,617.7957741895116,58.1632109324137
3451,494.819787228054,1060.55957193442,617.7957741895116,58.1632109324137
3452,494.819787228054,1060.55957193442,617.7957741895116,58.1632109324137
3453,494.819787228054,1060.55957193442,617.7957741895116,58.1632109324137
3454,494.819787228054,1060.55957193442,617.7957741895116,58.1632109324137
3455,494.819787228054,1060.55957193442,617.7957741895116,58.1632109324137
3456,502.971543869289,1055.41139873969,550.92246230993,59.8394034067789
3457,502.971543869289,1055.41139873969,550.92246230993,59.8394034067789
3458,502.971543869289,1055.41139873969,550.92246230993,59.8394034067789
3459,502.971543869289,1055.41139873969,550.92246230993,59.8394034067789
3460,502.971543869289,1055.41139873969,550.92246230993,59.8394034067789
3461,502.971543869289,1055.41139873969,550.92246230993,59.8394034067789
3462,502.971543869289,1055.41139873969,550.92246230993,59.8394034067789
3463,502.971543869289,1055.41139873969,550.92246230993,59.8394034067789
3464,502.971543869289,1055.41139873969,550.92246230993,59.8394034067789
3465,502.971543869289,1055.41139873969,550.92246230993,59.8394034067789
3466,502.971543869289,1055.41139873969,550.92246230993,59.8394034067789
3467,502.971543869289,1055.41139873969,550.92246230993,59.8394034067789
3468,502.971543869289,1055.41139873969,550.92246230993,59.8394034067789
3469,502.971543869289,1055.41139873969,550.92246230993,59.8394034067789
3470,502.971543869289,1055.41139873969,550.92246230993,59.8394034067789
3471,502.971543869289,1055.41139873969,550.92246230993,59.8394034067789
3472,502.971543869289,1055.41139873969,550.92246230993,59.8394034067789
3473,502.971543869289,1055.41139873969,550.92246230993,59.8394034067789
3474,502.971543869289,1055.41139873969,550.92246230993,59.8394034067789
3475,502.971543869289,1055.41139873969,550.92246230993,59.8394034067789
3476,502.971543869289,1055.41139873969,550.92246230993,59.8394034067789
3477,502.971543869289,1055.41139873969,550.92246230993,59.8394034067789
3478,502.971543869289,1055.41139873969,550.92246230993,59.8394034067789
3479,502.971543869289,1055.41139873969,550.92246230993,59.8394034067789
3480,486.326123665839,639.1023289611921,514.9527148832184,62.0060700734456
3481,486.326123665839,639.1023289611921,514.9527148832184,62.0060700734456
3482,486.326123665839,639.1023289611921,514.9527148832184,62.0060700734456
3483,486.326123665839,639.1023289611921,514.9527148832184,62.0060700734456
3484,486.326123665839,639.1023289611921,514.9527148832184,62.0060700734456
3485,486.326123665839,639.1023289611921,514.9527148832184,62.0060700734456
3486,486.326123665839,639.1023289611921,514.9527148832184,62.0060700734456
3487,486.326123665839,639.1023289611921,514.9527148832184,62.0060700734456
3488,486.326123665839,639.1023289611921,514.9527148832184,62.0060700734456
3489,486.326123665839,639.1023289611921,514.9527148832184,62.0060700734456
3490,486.326123665839,639.1023289611921,514.9527148832184,62.0060700734456
3491,486.326123665839,639.1023289611921,514.9527148832184,62.0060700734456
3492,486.326123665839,639.1023289611921,514.9527148832184,62.0060700734456
3493,486.326123665839,639.1023289611921,514.9527148832184,62.0060700734456
3494,486.326123665839,639.1023289611921,514.9527148832184,62.0060700734456
3495,486.326123665839,639.1023289611921,514.9527148832184,62.0060700734456
3496,486.326123665839,639.1023289611921,514.9527148832184,62.0060700734456
3497,486.326123665839,639.1023289611921,514.9527148832184,62.0060700734456
3498,486.326123665839,639.1023289611921,514.9527148832184,62.0060700734456
3499,486.326123665839,639.1023289611921,514.9527148832184,62.0060700734456
3500,486.326123665839,639.1023289611921,514.9527148832184,62.0060700734456
3501,486.326123665839,639.1023289611921,514.9527148832184,62.0060700734456
3502,486.326123665839,639.1023289611921,514.9527148832184,62.0060700734456
3503,486.326123665839,639.1023289611921,514.9527148832184,62.0060700734456
3504,437.882977406073,1043.13558657883,724.0226272583,65.1536609013875
3505,437.882977406073,1043.13558657883,724.0226272583,65.1536609013875
3506,437.882977406073,1043.13558657883,724.0226272583,65.1536609013875
3507,437.882977406073,1043.13558657883,724.0226272583,65.1536609013875
3508,437.882977406073,1043.13558657883,724.0226272583,65.1536609013875
3509,437.882977406073,1043.13558657883,724.0226272583,65.1536609013875
3510,437.882977406073,1043.13558657883,724.0226272583,65.1536609013875
3511,437.882977406073,1043.13558657883,724.0226272583,65.1536609013875
3512,437.882977406073,1043.13558657883,724.0226272583,65.1536609013875
3513,437.882977406073,1043.13558657883,724.0226272583,65.1536609013875
3514,437.882977406073,1043.13558657883,724.0226272583,65.1536609013875
3515,437.882977406073,1043.13558657883,724.0226272583,65.1536609013875
3516,437.882977406073,1043.13558657883,724.0226272583,65.1536609013875
3517,437.882977406073,1043.13558657883,724.0226272583,65.1536609013875
3518,437.882977406073,1043.13558657883,724.0226272583,65.1536609013875
3519,437.882977406073,1043.13558657883,724.0226272583,65.1536609013875
3520,437.882977406073,1043.13558657883,724.0226272583,65.1536609013875
3521,437.882977406073,1043.13558657883,724.0226272583,65.1536609013875
3522,437.882977406073,1043.13558657883,724.0226272583,65.1536609013875
3523,437.882977406073,1043.13558657883,724.0226272583,65.1536609013875
3524,437.882977406073,1043.13558657883,724.0226272583,65.1536609013875
3525,437.882977406073,1043.13558657883,724.0226272583,65.1536609013875
3526,437.882977406073,1043.13558657883,724.0226272583,65.1536609013875
3527,437.882977406073,1043.13558657883,724.0226272583,65.1536609013875
3528,401.839550739407,1032.79654833193,580.1993600401775,67.5253644943237
3529,401.839550739407,1032.79654833193,580.1993600401775,67.5253644943237
3530,401.839550739407,1032.79654833193,580.1993600401775,67.5253644943237
3531,401.839550739407,1032.79654833193,580.1993600401775,67.5253644943237
3532,401.839550739407,1032.79654833193,580.1993600401775,67.5253644943237
3533,401.839550739407,1032.79654833193,580.1993600401775,67.5253644943237
3534,401.839550739407,1032.79654833193,580.1993600401775,67.5253644943237
3535,401.839550739407,1032.79654833193,580.1993600401775,67.5253644943237
3536,401.839550739407,1032.79654833193,580.1993600401775,67.5253644943237
3537,401.839550739407,1032.79654833193,580.1993600401775,67.5253644943237
3538,401.839550739407,1032.79654833193,580.1993600401775,67.5253644943237
3539,401.839550739407,1032.79654833193,580.1993600401775,67.5253644943237
3540,401.839550739407,1032.79654833193,580.1993600401775,67.5253644943237
3541,401.839550739407,1032.79654833193,580.1993600401775,67.5253644943237
3542,401.839550739407,1032.79654833193,580.1993600401775,67.5253644943237
3543,401.839550739407,1032.79654833193,580.1993600401775,67.5253644943237
3544,401.839550739407,1032.79654833193,580.1993600401775,67.5253644943237
3545,401.839550739407,1032.79654833193,580.1993600401775,67.5253644943237
3546,401.839550739407,1032.79654833193,580.1993600401775,67.5253644943237
3547,401.839550739407,1032.79654833193,580.1993600401775,67.5253644943237
3548,401.839550739407,1032.79654833193,580.1993600401775,67.5253644943237
3549,401.839550739407,1032.79654833193,580.1993600401775,67.5253644943237
3550,401.839550739407,1032.79654833193,580.1993600401775,67.5253644943237
3551,401.839550739407,1032.79654833193,580.1993600401775,67.5253644943237
3552,399.677034406073,1037.74670680938,590.9320783743161,17.970582818734783
3553,399.677034406073,1037.74670680938,590.9320783743161,17.970582818734783
3554,399.677034406073,1037.74670680938,590.9320783743161,17.970582818734783
3555,399.677034406073,1037.74670680938,590.9320783743161,17.970582818734783
3556,399.677034406073,1037.74670680938,590.9320783743161,17.970582818734783
3557,399.677034406073,1037.74670680938,590.9320783743161,17.970582818734783
3558,399.677034406073,1037.74670680938,590.9320783743161,17.970582818734783
3559,399.677034406073,1037.74670680938,590.9320783743161,17.970582818734783
3560,399.677034406073,1037.74670680938,590.9320783743161,17.970582818734783
3561,399.677034406073,1037.74670680938,590.9320783743161,17.970582818734783
3562,399.677034406073,1037.74670680938,590.9320783743161,17.970582818734783
3563,399.677034406073,1037.74670680938,590.9320783743161,17.970582818734783
3564,399.677034406073,1037.74670680938,590.9320783743161,17.970582818734783
3565,399.677034406073,1037.74670680938,590.9320783743161,17.970582818734783
3566,399.677034406073,1037.74670680938,590.9320783743161,17.970582818734783
3567,399.677034406073,1037.74670680938,590.9320783743161,17.970582818734783
3568,399.677034406073,1037.74670680938,590.9320783743161,17.970582818734783
3569,399.677034406073,1037.74670680938,590.9320783743161,17.970582818734783
3570,399.677034406073,1037.74670680938,590.9320783743161,17.970582818734783
3571,399.677034406073,1037.74670680938,590.9320783743161,17.970582818734783
3572,399.677034406073,1037.74670680938,590.9320783743161,17.970582818734783
3573,399.677034406073,1037.74670680938,590.9320783743161,17.970582818734783
3574,399.677034406073,1037.74670680938,590.9320783743161,17.970582818734783
3575,399.677034406073,1037.74670680938,590.9320783743161,17.970582818734783
3576,386.879704406073,1040.37661754449,582.3949434613645,68.1111713409423
3577,386.879704406073,1040.37661754449,582.3949434613645,68.1111713409423
3578,386.879704406073,1040.37661754449,582.3949434613645,68.1111713409423
3579,386.879704406073,1040.37661754449,582.3949434613645,68.1111713409423
3580,386.879704406073,1040.37661754449,582.3949434613645,68.1111713409423
3581,386.879704406073,1040.37661754449,582.3949434613645,68.1111713409423
3582,386.879704406073,1040.37661754449,582.3949434613645,68.1111713409423
3583,386.879704406073,1040.37661754449,582.3949434613645,68.1111713409423
3584,386.879704406073,1040.37661754449,582.3949434613645,68.1111713409423
3585,386.879704406073,1040.37661754449,582.3949434613645,68.1111713409423
3586,386.879704406073,1040.37661754449,582.3949434613645,68.1111713409423
3587,386.879704406073,1040.37661754449,582.3949434613645,68.1111713409423
3588,386.879704406073,1040.37661754449,582.3949434613645,68.1111713409423
3589,386.879704406073,1040.37661754449,582.3949434613645,68.1111713409423
3590,386.879704406073,1040.37661754449,582.3949434613645,68.1111713409423
3591,386.879704406073,1040.37661754449,582.3949434613645,68.1111713409423
3592,386.879704406073,1040.37661754449,582.3949434613645,68.1111713409423
3593,386.879704406073,1040.37661754449,582.3949434613645,68.1111713409423
3594,386.879704406073,1040.37661754449,582.3949434613645,68.1111713409423
3595,386.879704406073,1040.37661754449,582.3949434613645,68.1111713409423
3596,386.879704406073,1040.37661754449,582.3949434613645,68.1111713409423
3597,386.879704406073,1040.37661754449,582.3949434613645,68.1111713409423
3598,386.879704406073,1040.37661754449,582.3949434613645,68.1111713409423
3599,386.879704406073,1040.37661754449,582.3949434613645,68.1111713409423
3600,380.26689947619,1036.56491102267,502.3599484454653,71.7409158070882
3601,380.26689947619,1036.56491102267,502.3599484454653,71.7409158070882
3602,380.26689947619,1036.56491102267,502.3599484454653,71.7409158070882
3603,380.26689947619,1036.56491102267,502.3599484454653,71.7409158070882
3604,380.26689947619,1036.56491102267,502.3599484454653,71.7409158070882
3605,380.26689947619,1036.56491102267,502.3599484454653,71.7409158070882
3606,380.26689947619,1036.56491102267,502.3599484454653,71.7409158070882
3607,380.26689947619,1036.56491102267,502.3599484454653,71.7409158070882
3608,380.26689947619,1036.56491102267,502.3599484454653,71.7409158070882
3609,380.26689947619,1036.56491102267,502.3599484454653,71.7409158070882
3610,380.26689947619,1036.56491102267,502.3599484454653,71.7409158070882
3611,380.26689947619,1036.56491102267,502.3599484454653,71.7409158070882
3612,380.26689947619,1036.56491102267,502.3599484454653,71.7409158070882
3613,380.26689947619,1036.56491102267,502.3599484454653,71.7409158070882
3614,380.26689947619,1036.56491102267,502.3599484454653,71.7409158070882
3615,380.26689947619,1036.56491102267,502.3599484454653,71.7409158070882
3616,380.26689947619,1036.56491102267,502.3599484454653,71.7409158070882
3617,380.26689947619,1036.56491102267,502.3599484454653,71.7409158070882
3618,380.26689947619,1036.56491102267,502.3599484454653,71.7409158070882
3619,380.26689947619,1036.56491102267,502.3599484454653,71.7409158070882
3620,380.26689947619,1036.56491102267,502.3599484454653,71.7409158070882
3621,380.26689947619,1036.56491102267,502.3599484454653,71.7409158070882
3622,380.26689947619,1036.56491102267,502.3599484454653,71.7409158070882
3623,380.26689947619,1036.56491102267,502.3599484454653,71.7409158070882
3624,391.291551129836,904.9339160125196,618.3615327909941,73.6409158070882
3625,391.291551129836,904.9339160125196,618.3615327909941,73.6409158070882
3626,391.291551129836,904.9339160125196,618.3615327909941,73.6409158070882
3627,391.291551129836,904.9339160125196,618.3615327909941,73.6409158070882
3628,391.291551129836,904.9339160125196,618.3615327909941,73.6409158070882
3629,391.291551129836,904.9339160125196,618.3615327909941,73.6409158070882
3630,391.291551129836,904.9339160125196,618.3615327909941,73.6409158070882
3631,391.291551129836,904.9339160125196,618.3615327909941,73.6409158070882
3632,391.291551129836,904.9339160125196,618.3615327909941,73.6409158070882
3633,391.291551129836,904.9339160125196,618.3615327909941,73.6409158070882
3634,391.291551129836,904.9339160125196,618.3615327909941,73.6409158070882
3635,391.291551129836,904.9339160125196,618.3615327909941,73.6409158070882
3636,391.291551129836,904.9339160125196,618.3615327909941,73.6409158070882
3637,391.291551129836,904.9339160125196,618.3615327909941,73.6409158070882
3638,391.291551129836,904.9339160125196,618.3615327909941,73.6409158070882
3639,391.291551129836,904.9339160125196,618.3615327909941,73.6409158070882
3640,391.291551129836,904.9339160125196,618.3615327909941,73.6409158070882
3641,391.291551129836,904.9339160125196,618.3615327909941,73.6409158070882
3642,391.291551129836,904.9339160125196,618.3615327909941,73.6409158070882
3643,391.291551129836,904.9339160125196,618.3615327909941,73.6409158070882
3644,391.291551129836,904.9339160125196,618.3615327909941,73.6409158070882
3645,391.291551129836,904.9339160125196,618.3615327909941,73.6409158070882
3646,391.291551129836,904.9339160125196,618.3615327909941,73.6409158070882
3647,391.291551129836,904.9339160125196,618.3615327909941,73.6409158070882
3648,374.735664870071,1040.77520852499,551.763071834464,76.6063129425048
3649,374.735664870071,1040.77520852499,551.763071834464,76.6063129425048
3650,374.735664870071,1040.77520852499,551.763071834464,76.6063129425048
3651,374.735664870071,1040.77520852499,551.763071834464,76.6063129425048
3652,374.735664870071,1040.77520852499,551.763071834464,76.6063129425048
3653,374.735664870071,1040.77520852499,551.763071834464,76.6063129425048
3654,374.735664870071,1040.77520852499,551.763071834464,76.6063129425048
3655,374.735664870071,1040.77520852499,551.763071834464,76.6063129425048
3656,374.735664870071,1040.77520852499,551.763071834464,76.6063129425048
3657,374.735664870071,1040.77520852499,551.763071834464,76.6063129425048
3658,374.735664870071,1040.77520852499,551.763071834464,76.6063129425048
3659,374.735664870071,1040.77520852499,551.763071834464,76.6063129425048
3660,374.735664870071,1040.77520852499,551.763071834464,76.6063129425048
3661,374.735664870071,1040.77520852499,551.763071834464,76.6063129425048
3662,374.735664870071,1040.77520852499,551.763071834464,76.6063129425048
3663,374.735664870071,1040.77520852499,551.763071834464,76.6063129425048
3664,374.735664870071,1040.77520852499,551.763071834464,76.6063129425048
3665,374.735664870071,1040.77520852499,551.763071834464,76.6063129425048
3666,374.735664870071,1040.77520852499,551.763071834464,76.6063129425048
3667,374.735664870071,1040.77520852499,551.763071834464,76.6063129425048
3668,374.735664870071,1040.77520852499,551.763071834464,76.6063129425048
3669,374.735664870071,1040.77520852499,551.763071834464,76.6063129425048
3670,374.735664870071,1040.77520852499,551.763071834464,76.6063129425048
3671,374.735664870071,1040.77520852499,551.763071834464,76.6063129425048
3672,350.969515203404,1046.75383940092,571.4884861301782,79.135113843282
3673,350.969515203404,1046.75383940092,571.4884861301782,79.135113843282
3674,350.969515203404,1046.75383940092,571.4884861301782,79.135113843282
3675,350.969515203404,1046.75383940092,571.4884861301782,79.135113843282
3676,350.969515203404,1046.75383940092,571.4884861301782,79.135113843282
3677,350.969515203404,1046.75383940092,571.4884861301782,79.135113843282
3678,350.969515203404,1046.75383940092,571.4884861301782,79.135113843282
3679,350.969515203404,1046.75383940092,571.4884861301782,79.135113843282
3680,350.969515203404,1046.75383940092,571.4884861301782,79.135113843282
3681,350.969515203404,1046.75383940092,571.4884861301782,79.135113843282
3682,350.969515203404,1046.75383940092,571.4884861301782,79.135113843282
3683,350.969515203404,1046.75383940092,571.4884861301782,79.135113843282
3684,350.969515203404,1046.75383940092,571.4884861301782,79.135113843282
3685,350.969515203404,1046.75383940092,571.4884861301782,79.135113843282
3686,350.969515203404,1046.75383940092,571.4884861301782,79.135113843282
3687,350.969515203404,1046.75383940092,571.4884861301782,79.135113843282
3688,350.969515203404,1046.75383940092,571.4884861301782,79.135113843282
3689,350.969515203404,1046.75383940092,571.4884861301782,79.135113843282
3690,350.969515203404,1046.75383940092,571.4884861301782,79.135113843282
3691,350.969515203404,1046.75383940092,571.4884861301782,79.135113843282
3692,350.969515203404,1046.75383940092,571.4884861301782,79.135113843282
3693,350.969515203404,1046.75383940092,571.4884861301782,79.135113843282
3694,350.969515203404,1046.75383940092,571.4884861301782,79.135113843282
3695,350.969515203404,1046.75383940092,571.4884861301782,79.135113843282
3696,340.593885203404,1050.45354908272,399.9351465822923,81.0984568595886
3697,340.593885203404,1050.45354908272,399.9351465822923,81.0984568595886
3698,340.593885203404,1050.45354908272,399.9351465822923,81.0984568595886
3699,340.593885203404,1050.45354908272,399.9351465822923,81.0984568595886
3700,340.593885203404,1050.45354908272,399.9351465822923,81.0984568595886
3701,340.593885203404,1050.45354908272,399.9351465822923,81.0984568595886
3702,340.593885203404,1050.45354908272,399.9351465822923,81.0984568595886
3703,340.593885203404,1050.45354908272,399.9351465822923,81.0984568595886
3704,340.593885203404,1050.45354908272,399.9351465822923,81.0984568595886
3705,340.593885203404,1050.45354908272,399.9351465822923,81.0984568595886
3706,340.593885203404,1050.45354908272,399.9351465822923,81.0984568595886
3707,340.593885203404,1050.45354908272,399.9351465822923,81.0984568595886
3708,340.593885203404,1050.45354908272,399.9351465822923,81.0984568595886
3709,340.593885203404,1050.45354908272,399.9351465822923,81.0984568595886
3710,340.593885203404,1050.45354908272,399.9351465822923,81.0984568595886
3711,340.593885203404,1050.45354908272,399.9351465822923,81.0984568595886
3712,340.593885203404,1050.45354908272,399.9351465822923,81.0984568595886
3713,340.593885203404,1050.45354908272,399.9351465822923,81.0984568595886
3714,340.593885203404,1050.45354908272,399.9351465822923,81.0984568595886
3715,340.593885203404,1050.45354908272,399.9351465822923,81.0984568595886
3716,340.593885203404,1050.45354908272,399.9351465822923,81.0984568595886
3717,340.593885203404,1050.45354908272,399.9351465822923,81.0984568595886
3718,340.593885203404,1050.45354908272,399.9351465822923,81.0984568595886
3719,340.593885203404,1050.45354908272,399.9351465822923,81.0984568595886
3720,351.763071870071,1046.5732119956679,650.6206308288456,82.8316601117451
3721,351.763071870071,1046.5732119956679,650.6206308288456,82.8316601117451
3722,351.763071870071,1046.5732119956679,650.6206308288456,82.8316601117451
3723,351.763071870071,1046.5732119956679,650.6206308288456,82.8316601117451
3724,351.763071870071,1046.5732119956679,650.6206308288456,82.8316601117451
3725,351.763071870071,1046.5732119956679,650.6206308288456,82.8316601117451
3726,351.763071870071,1046.5732119956679,650.6206308288456,82.8316601117451
3727,351.763071870071,1046.5732119956679,650.6206308288456,82.8316601117451
3728,351.763071870071,1046.5732119956679,650.6206308288456,82.8316601117451
3729,351.763071870071,1046.5732119956679,650.6206308288456,82.8316601117451
3730,351.763071870071,1046.5732119956679,650.6206308288456,82.8316601117451
3731,351.763071870071,1046.5732119956679,650.6206308288456,82.8316601117451
3732,351.763071870071,1046.5732119956679,650.6206308288456,82.8316601117451
3733,351.763071870071,1046.5732119956679,650.6206308288456,82.8316601117451
3734,351.763071870071,1046.5732119956679,650.6206308288456,82.8316601117451
3735,351.763071870071,1046.5732119956679,650.6206308288456,82.8316601117451
3736,351.763071870071,1046.5732119956679,650.6206308288456,82.8316601117451
3737,351.763071870071,1046.5732119956679,650.6206308288456,82.8316601117451
3738,351.763071870071,1046.5732119956679,650.6206308288456,82.8316601117451
3739,351.763071870071,1046.5732119956679,650.6206308288456,82.8316601117451
3740,351.763071870071,1046.5732119956679,650.6206308288456,82.8316601117451
3741,351.763071870071,1046.5732119956679,650.6206308288456,82.8316601117451
3742,351.763071870071,1046.5732119956679,650.6206308288456,82.8316601117451
3743,351.763071870071,1046.5732119956679,650.6206308288456,82.8316601117451
3744,347.543205203404,1065.2899744407,594.8224366281348,83.8560830752054
3745,347.543205203404,1065.2899744407,594.8224366281348,83.8560830752054
3746,347.543205203404,1065.2899744407,594.8224366281348,83.8560830752054
3747,347.543205203404,1065.2899744407,594.8224366281348,83.8560830752054
3748,347.543205203404,1065.2899744407,594.8224366281348,83.8560830752054
3749,347.543205203404,1065.2899744407,594.8224366281348,83.8560830752054
3750,347.543205203404,1065.2899744407,594.8224366281348,83.8560830752054
3751,347.543205203404,1065.2899744407,594.8224366281348,83.8560830752054
3752,347.543205203404,1065.2899744407,594.8224366281348,83.8560830752054
3753,347.543205203404,1065.2899744407,594.8224366281348,83.8560830752054
3754,347.543205203404,1065.2899744407,594.8224366281348,83.8560830752054
3755,347.543205203404,1065.2899744407,594.8224366281348,83.8560830752054
3756,347.543205203404,1065.2899744407,594.8224366281348,83.8560830752054
3757,347.543205203404,1065.2899744407,594.8224366281348,83.8560830752054
3758,347.543205203404,1065.2899744407,594.8224366281348,83.8560830752054
3759,347.543205203404,1065.2899744407,594.8224366281348,83.8560830752054
3760,347.543205203404,1065.2899744407,594.8224366281348,83.8560830752054
3761,347.543205203404,1065.2899744407,594.8224366281348,83.8560830752054
3762,347.543205203404,1065.2899744407,594.8224366281348,83.8560830752054
3763,347.543205203404,1065.2899744407,594.8224366281348,83.8560830752054
3764,347.543205203404,1065.2899744407,594.8224366281348,83.8560830752054
3765,347.543205203404,1065.2899744407,594.8224366281348,83.8560830752054
3766,347.543205203404,1065.2899744407,594.8224366281348,83.8560830752054
3767,347.543205203404,1065.2899744407,594.8224366281348,83.8560830752054
3768,313.355491347135,1079.80287790647,679.176532491048,86.3401862462361
3769,313.355491347135,1079.80287790647,679.176532491048,86.3401862462361
3770,313.355491347135,1079.80287790647,679.176532491048,86.3401862462361
3771,313.355491347135,1079.80287790647,679.176532491048,86.3401862462361
3772,313.355491347135,1079.80287790647,679.176532491048,86.3401862462361
3773,313.355491347135,1079.80287790647,679.176532491048,86.3401862462361
3774,313.355491347135,1079.80287790647,679.176532491048,86.3401862462361
3775,313.355491347135,1079.80287790647,679.176532491048,86.3401862462361
3776,313.355491347135,1079.80287790647,679.176532491048,86.3401862462361
3777,313.355491347135,1079.80287790647,679.176532491048,86.3401862462361
3778,313.355491347135,1079.80287790647,679.176532491048,86.3401862462361
3779,313.355491347135,1079.80287790647,679.176532491048,86.3401862462361
3780,313.355491347135,1079.80287790647,679.176532491048,86.3401862462361
3781,313.355491347135,1079.80287790647,679.176532491048,86.3401862462361
3782,313.355491347135,1079.80287790647,679.176532491048,86.3401862462361
3783,313.355491347135,1079.80287790647,679.176532491048,86.3401862462361
3784,313.355491347135,1079.80287790647,679.176532491048,86.3401862462361
3785,313.355491347135,1079.80287790647,679.176532491048,86.3401862462361
3786,313.355491347135,1079.80287790647,679.176532491048,86.3401862462361
3787,313.355491347135,1079.80287790647,679.176532491048,86.3401862462361
3788,313.355491347135,1079.80287790647,679.176532491048,86.3401862462361
3789,313.355491347135,1079.80287790647,679.176532491048,86.3401862462361
3790,313.355491347135,1079.80287790647,679.176532491048,86.3401862462361
3791,313.355491347135,1079.80287790647,679.176532491048,86.3401862462361
3792,277.424802160937,1086.78652227356,534.1960812356224,85.7619251887003
3793,277.424802160937,1086.78652227356,534.1960812356224,85.7619251887003
3794,277.424802160937,1086.78652227356,534.1960812356224,85.7619251887003
3795,277.424802160937,1086.78652227356,534.1960812356224,85.7619251887003
3796,277.424802160937,1086.78652227356,534.1960812356224,85.7619251887003
3797,277.424802160937,1086.78652227356,534.1960812356224,85.7619251887003
3798,277.424802160937,1086.78652227356,534.1960812356224,85.7619251887003
3799,277.424802160937,1086.78652227356,534.1960812356224,85.7619251887003
3800,277.424802160937,1086.78652227356,534.1960812356224,85.7619251887003
3801,277.424802160937,1086.78652227356,534.1960812356224,85.7619251887003
3802,277.424802160937,1086.78652227356,534.1960812356224,85.7619251887003
3803,277.424802160937,1086.78652227356,534.1960812356224,85.7619251887003
3804,277.424802160937,1086.78652227356,534.1960812356224,85.7619251887003
3805,277.424802160937,1086.78652227356,534.1960812356224,85.7619251887003
3806,277.424802160937,1086.78652227356,534.1960812356224,85.7619251887003
3807,277.424802160937,1086.78652227356,534.1960812356224,85.7619251887003
3808,277.424802160937,1086.78652227356,534.1960812356224,85.7619251887003
3809,277.424802160937,1086.78652227356,534.1960812356224,85.7619251887003
3810,277.424802160937,1086.78652227356,534.1960812356224,85.7619251887003
3811,277.424802160937,1086.78652227356,534.1960812356224,85.7619251887003
3812,277.424802160937,1086.78652227356,534.1960812356224,85.7619251887003
3813,277.424802160937,1086.78652227356,534.1960812356224,85.7619251887003
3814,277.424802160937,1086.78652227356,534.1960812356224,85.7619251887003
3815,277.424802160937,1086.78652227356,534.1960812356224,85.7619251887003
3816,230.41270349427,434.26466913597596,624.2718170165426,12.204809665425131
3817,230.41270349427,434.26466913597596,624.2718170165426,12.204809665425131
3818,230.41270349427,434.26466913597596,624.2718170165426,12.204809665425131
3819,230.41270349427,434.26466913597596,624.2718170165426,12.204809665425131
3820,230.41270349427,434.26466913597596,624.2718170165426,12.204809665425131
3821,230.41270349427,434.26466913597596,624.2718170165426,12.204809665425131
3822,230.41270349427,434.26466913597596,624.2718170165426,12.204809665425131
3823,230.41270349427,434.26466913597596,624.2718170165426,12.204809665425131
3824,230.41270349427,434.26466913597596,624.2718170165426,12.204809665425131
3825,230.41270349427,434.26466913597596,624.2718170165426,12.204809665425131
3826,230.41270349427,434.26466913597596,624.2718170165426,12.204809665425131
3827,230.41270349427,434.26466913597596,624.2718170165426,12.204809665425131
3828,230.41270349427,434.26466913597596,624.2718170165426,12.204809665425131
3829,230.41270349427,434.26466913597596,624.2718170165426,12.204809665425131
3830,230.41270349427,434.26466913597596,624.2718170165426,12.204809665425131
3831,230.41270349427,434.26466913597596,624.2718170165426,12.204809665425131
3832,230.41270349427,434.26466913597596,624.2718170165426,12.204809665425131
3833,230.41270349427,434.26466913597596,624.2718170165426,12.204809665425131
3834,230.41270349427,434.26466913597596,624.2718170165426,12.204809665425131
3835,230.41270349427,434.26466913597596,624.2718170165426,12.204809665425131
3836,230.41270349427,434.26466913597596,624.2718170165426,12.204809665425131
3837,230.41270349427,434.26466913597596,624.2718170165426,12.204809665425131
3838,230.41270349427,434.26466913597596,624.2718170165426,12.204809665425131
3839,230.41270349427,434.26466913597596,624.2718170165426,12.204809665425131
3840,166.26223349427,427.17748107652824,657.412986755371,81.0099612553914
3841,166.26223349427,427.17748107652824,657.412986755371,81.0099612553914
3842,166.26223349427,427.17748107652824,657.412986755371,81.0099612553914
3843,166.26223349427,427.17748107652824,657.412986755371,81.0099612553914
3844,166.26223349427,427.17748107652824,657.412986755371,81.0099612553914
3845,166.26223349427,427.17748107652824,657.412986755371,81.0099612553914
3846,166.26223349427,427.17748107652824,657.412986755371,81.0099612553914
3847,166.26223349427,427.17748107652824,657.412986755371,81.0099612553914
3848,166.26223349427,427.17748107652824,657.412986755371,81.0099612553914
3849,166.26223349427,427.17748107652824,657.412986755371,81.0099612553914
3850,166.26223349427,427.17748107652824,657.412986755371,81.0099612553914
3851,166.26223349427,427.17748107652824,657.412986755371,81.0099612553914
3852,166.26223349427,427.17748107652824,657.412986755371,81.0099612553914
3853,166.26223349427,427.17748107652824,657.412986755371,81.0099612553914
3854,166.26223349427,427.17748107652824,657.412986755371,81.0099612553914
3855,166.26223349427,427.17748107652824,657.412986755371,81.0099612553914
3856,166.26223349427,427.17748107652824,657.412986755371,81.0099612553914
3857,166.26223349427,427.17748107652824,657.412986755371,81.0099612553914
3858,166.26223349427,427.17748107652824,657.412986755371,81.0099612553914
3859,166.26223349427,427.17748107652824,657.412986755371,81.0099612553914
3860,166.26223349427,427.17748107652824,657.412986755371,81.0099612553914
3861,166.26223349427,427.17748107652824,657.412986755371,81.0099612553914
3862,166.26223349427,427.17748107652824,657.412986755371,81.0099612553914
3863,166.26223349427,427.17748107652824,657.412986755371,81.0099612553914
3864,115.56995349427,851.4898013484117,646.806006368001,78.7630053838094
3865,115.56995349427,851.4898013484117,646.806006368001,78.7630053838094
3866,115.56995349427,851.4898013484117,646.806006368001,78.7630053838094
3867,115.56995349427,851.4898013484117,646.806006368001,78.7630053838094
3868,115.56995349427,851.4898013484117,646.806006368001,78.7630053838094
3869,115.56995349427,851.4898013484117,646.806006368001,78.7630053838094
3870,115.56995349427,851.4898013484117,646.806006368001,78.7630053838094
3871,115.56995349427,851.4898013484117,646.806006368001,78.7630053838094
3872,115.56995349427,851.4898013484117,646.806006368001,78.7630053838094
3873,115.56995349427,851.4898013484117,646.806006368001,78.7630053838094
3874,115.56995349427,851.4898013484117,646.806006368001,78.7630053838094
3875,115.56995349427,851.4898013484117,646.806006368001,78.7630053838094
3876,115.56995349427,851.4898013484117,646.806006368001,78.7630053838094
3877,115.56995349427,851.4898013484117,646.806006368001,78.7630053838094
3878,115.56995349427,851.4898013484117,646.806006368001,78.7630053838094
3879,115.56995349427,851.4898013484117,646.806006368001,78.7630053838094
3880,115.56995349427,851.4898013484117,646.806006368001,78.7630053838094
3881,115.56995349427,851.4898013484117,646.806006368001,78.7630053838094
3882,115.56995349427,851.4898013484117,646.806006368001,78.7630053838094
3883,115.56995349427,851.4898013484117,646.806006368001,78.7630053838094
3884,115.56995349427,851.4898013484117,646.806006368001,78.7630053838094
3885,115.56995349427,851.4898013484117,646.806006368001,78.7630053838094
3886,115.56995349427,851.4898013484117,646.806006368001,78.7630053838094
3887,115.56995349427,851.4898013484117,646.806006368001,78.7630053838094
3888,81.0449334942707,1092.76160225288,623.1239261117755,75.6664738337198
3889,81.0449334942707,1092.76160225288,623.1239261117755,75.6664738337198
3890,81.0449334942707,1092.76160225288,623.1239261117755,75.6664738337198
3891,81.0449334942707,1092.76160225288,623.1239261117755,75.6664738337198
3892,81.0449334942707,1092.76160225288,623.1239261117755,75.6664738337198
3893,81.0449334942707,1092.76160225288,623.1239261117755,75.6664738337198
3894,81.0449334942707,1092.76160225288,623.1239261117755,75.6664738337198
3895,81.0449334942707,1092.76160225288,623.1239261117755,75.6664738337198
3896,81.0449334942707,1092.76160225288,623.1239261117755,75.6664738337198
3897,81.0449334942707,1092.76160225288,623.1239261117755,75.6664738337198
3898,81.0449334942707,1092.76160225288,623.1239261117755,75.6664738337198
3899,81.0449334942707,1092.76160225288,623.1239261117755,75.6664738337198
3900,81.0449334942707,1092.76160225288,623.1239261117755,75.6664738337198
3901,81.0449334942707,1092.76160225288,623.1239261117755,75.6664738337198
3902,81.0449334942707,1092.76160225288,623.1239261117755,75.6664738337198
3903,81.0449334942707,1092.76160225288,623.1239261117755,75.6664738337198
3904,81.0449334942707,1092.76160225288,623.1239261117755,75.6664738337198
3905,81.0449334942707,1092.76160225288,623.1239261117755,75.6664738337198
3906,81.0449334942707,1092.76160225288,623.1239261117755,75.6664738337198
3907,81.0449334942707,1092.76160225288,623.1239261117755,75.6664738337198
3908,81.0449334942707,1092.76160225288,623.1239261117755,75.6664738337198
3909,81.0449334942707,1092.76160225288,623.1239261117755,75.6664738337198
3910,81.0449334942707,1092.76160225288,623.1239261117755,75.6664738337198
3911,81.0449334942707,1092.76160225288,623.1239261117755,75.6664738337198
3912,61.8193301609374,1051.0556182964299,625.225655619303,73.6249244054158
3913,61.8193301609374,1051.0556182964299,625.225655619303,73.6249244054158
3914,61.8193301609374,1051.0556182964299,625.225655619303,73.6249244054158
3915,61.8193301609374,1051.0556182964299,625.225655619303,73.6249244054158
3916,61.8193301609374,1051.0556182964299,625.225655619303,73.6249244054158
3917,61.8193301609374,1051.0556182964299,625.225655619303,73.6249244054158
3918,61.8193301609374,1051.0556182964299,625.225655619303,73.6249244054158
3919,61.8193301609374,1051.0556182964299,625.225655619303,73.6249244054158
3920,61.8193301609374,1051.0556182964299,625.225655619303,73.6249244054158
3921,61.8193301609374,1051.0556182964299,625.225655619303,73.6249244054158
3922,61.8193301609374,1051.0556182964299,625.225655619303,73.6249244054158
3923,61.8193301609374,1051.0556182964299,625.225655619303,73.6249244054158
3924,61.8193301609374,1051.0556182964299,625.225655619303,73.6249244054158
3925,61.8193301609374,1051.0556182964299,625.225655619303,73.6249244054158
3926,61.8193301609374,1051.0556182964299,625.225655619303,73.6249244054158
3927,61.8193301609374,1051.0556182964299,625.225655619303,73.6249244054158
3928,61.8193301609374,1051.0556182964299,625.225655619303,73.6249244054158
3929,61.8193301609374,1051.0556182964299,625.225655619303,73.6249244054158
3930,61.8193301609374,1051.0556182964299,625.225655619303,73.6249244054158
3931,61.8193301609374,1051.0556182964299,625.225655619303,73.6249244054158
3932,61.8193301609374,1051.0556182964299,625.225655619303,73.6249244054158
3933,61.8193301609374,1051.0556182964299,625.225655619303,73.6249244054158
3934,61.8193301609374,1051.0556182964299,625.225655619303,73.6249244054158
3935,61.8193301609374,1051.0556182964299,625.225655619303,73.6249244054158
3936,38.2896934942708,1104.04918773411,594.7708993015585,70.522050666809
3937,38.2896934942708,1104.04918773411,594.7708993015585,70.522050666809
3938,38.2896934942708,1104.04918773411,594.7708993015585,70.522050666809
3939,38.2896934942708,1104.04918773411,594.7708993015585,70.522050666809
3940,38.2896934942708,1104.04918773411,594.7708993015585,70.522050666809
3941,38.2896934942708,1104.04918773411,594.7708993015585,70.522050666809
3942,38.2896934942708,1104.04918773411,594.7708993015585,70.522050666809
3943,38.2896934942708,1104.04918773411,594.7708993015585,70.522050666809
3944,38.2896934942708,1104.04918773411,594.7708993015585,70.522050666809
3945,38.2896934942708,1104.04918773411,594.7708993015585,70.522050666809
3946,38.2896934942708,1104.04918773411,594.7708993015585,70.522050666809
3947,38.2896934942708,1104.04918773411,594.7708993015585,70.522050666809
3948,38.2896934942708,1104.04918773411,594.7708993015585,70.522050666809
3949,38.2896934942708,1104.04918773411,594.7708993015585,70.522050666809
3950,38.2896934942708,1104.04918773411,594.7708993015585,70.522050666809
3951,38.2896934942708,1104.04918773411,594.7708993015585,70.522050666809
3952,38.2896934942708,1104.04918773411,594.7708993015585,70.522050666809
3953,38.2896934942708,1104.04918773411,594.7708993015585,70.522050666809
3954,38.2896934942708,1104.04918773411,594.7708993015585,70.522050666809
3955,38.2896934942708,1104.04918773411,594.7708993015585,70.522050666809
3956,38.2896934942708,1104.04918773411,594.7708993015585,70.522050666809
3957,38.2896934942708,1104.04918773411,594.7708993015585,70.522050666809
3958,38.2896934942708,1104.04918773411,594.7708993015585,70.522050666809
3959,38.2896934942708,1104.04918773411,594.7708993015585,70.522050666809
3960,0.0,900.3000386535957,628.852913920084,68.4677530288696
3961,0.0,900.3000386535957,628.852913920084,68.4677530288696
3962,0.0,900.3000386535957,628.852913920084,68.4677530288696
3963,0.0,900.3000386535957,628.852913920084,68.4677530288696
3964,0.0,900.3000386535957,628.852913920084,68.4677530288696
3965,0.0,900.3000386535957,628.852913920084,68.4677530288696
3966,0.0,900.3000386535957,628.852913920084,68.4677530288696
3967,0.0,900.3000386535957,628.852913920084,68.4677530288696
3968,0.0,900.3000386535957,628.852913920084,68.4677530288696
3969,0.0,900.3000386535957,628.852913920084,68.4677530288696
3970,0.0,900.3000386535957,628.852913920084,68.4677530288696
3971,0.0,900.3000386535957,628.852913920084,68.4677530288696
3972,0.0,900.3000386535957,628.852913920084,68.4677530288696
3973,0.0,900.3000386535957,628.852913920084,68.4677530288696
3974,0.0,900.3000386535957,628.852913920084,68.4677530288696
3975,0.0,900.3000386535957,628.852913920084,68.4677530288696
3976,0.0,900.3000386535957,628.852913920084,68.4677530288696
3977,0.0,900.3000386535957,628.852913920084,68.4677530288696
3978,0.0,900.3000386535957,628.852913920084,68.4677530288696
3979,0.0,900.3000386535957,628.852913920084,68.4677530288696
3980,0.0,900.3000386535957,628.852913920084,68.4677530288696
3981,0.0,900.3000386535957,628.852913920084,68.4677530288696
3982,0.0,900.3000386535957,628.852913920084,68.4677530288696
3983,0.0,900.3000386535957,628.852913920084,68.4677530288696
3984,0.0,1050.8940626602457,623.888334655761,67.6897473017374
3985,0.0,1050.8940626602457,623.888334655761,67.6897473017374
3986,0.0,1050.8940626602457,623.888334655761,67.6897473017374
3987,0.0,1050.8940626602457,623.888334655761,67.6897473017374
3988,0.0,1050.8940626602457,623.888334655761,67.6897473017374
3989,0.0,1050.8940626602457,623.888334655761,67.6897473017374
3990,0.0,1050.8940626602457,623.888334655761,67.6897473017374
3991,0.0,1050.8940626602457,623.888334655761,67.6897473017374
3992,0.0,1050.8940626602457,623.888334655761,67.6897473017374
3993,0.0,1050.8940626602457,623.888334655761,67.6897473017374
3994,0.0,1050.8940626602457,623.888334655761,67.6897473017374
3995,0.0,1050.8940626602457,623.888334655761,67.6897473017374
3996,0.0,1050.8940626602457,623.888334655761,67.6897473017374
3997,0.0,1050.8940626602457,623.888334655761,67.6897473017374
3998,0.0,1050.8940626602457,623.888334655761,67.6897473017374
3999,0.0,1050.8940626602457,623.888334655761,67.6897473017374
4000,0.0,1050.8940626602457,623.888334655761,67.6897473017374
4001,0.0,1050.8940626602457,623.888334655761,67.6897473017374
4002,0.0,1050.8940626602457,623.888334655761,67.6897473017374
4003,0.0,1050.8940626602457,623.888334655761,67.6897473017374
4004,0.0,1050.8940626602457,623.888334655761,67.6897473017374
4005,0.0,1050.8940626602457,623.888334655761,67.6897473017374
4006,0.0,1050.8940626602457,623.888334655761,67.6897473017374
4007,0.0,1050.8940626602457,623.888334655761,67.6897473017374
4008,0.0,919.373736411849,508.09642834891895,66.9535659154256
4009,0.0,919.373736411849,508.09642834891895,66.9535659154256
4010,0.0,919.373736411849,508.09642834891895,66.9535659154256
4011,0.0,919.373736411849,508.09642834891895,66.9535659154256
4012,0.0,919.373736411849,508.09642834891895,66.9535659154256
4013,0.0,919.373736411849,508.09642834891895,66.9535659154256
4014,0.0,919.373736411849,508.09642834891895,66.9535659154256
4015,0.0,919.373736411849,508.09642834891895,66.9535659154256
4016,0.0,919.373736411849,508.09642834891895,66.9535659154256
4017,0.0,919.373736411849,508.09642834891895,66.9535659154256
4018,0.0,919.373736411849,508.09642834891895,66.9535659154256
4019,0.0,919.373736411849,508.09642834891895,66.9535659154256
4020,0.0,919.373736411849,508.09642834891895,66.9535659154256
4021,0.0,919.373736411849,508.09642834891895,66.9535659154256
4022,0.0,919.373736411849,508.09642834891895,66.9535659154256
4023,0.0,919.373736411849,508.09642834891895,66.9535659154256
4024,0.0,919.373736411849,508.09642834891895,66.9535659154256
4025,0.0,919.373736411849,508.09642834891895,66.9535659154256
4026,0.0,919.373736411849,508.09642834891895,66.9535659154256
4027,0.0,919.373736411849,508.09642834891895,66.9535659154256
4028,0.0,919.373736411849,508.09642834891895,66.9535659154256
4029,0.0,919.373736411849,508.09642834891895,66.9535659154256
4030,0.0,919.373736411849,508.09642834891895,66.9535659154256
4031,0.0,919.373736411849,508.09642834891895,66.9535659154256
4032,0.0,805.7658735452683,620.206120300292,63.8551907221476
4033,0.0,805.7658735452683,620.206120300292,63.8551907221476
4034,0.0,805.7658735452683,620.206120300292,63.8551907221476
4035,0.0,805.7658735452683,620.206120300292,63.8551907221476
4036,0.0,805.7658735452683,620.206120300292,63.8551907221476
4037,0.0,805.7658735452683,620.206120300292,63.8551907221476
4038,0.0,805.7658735452683,620.206120300292,63.8551907221476
4039,0.0,805.7658735452683,620.206120300292,63.8551907221476
4040,0.0,805.7658735452683,620.206120300292,63.8551907221476
4041,0.0,805.7658735452683,620.206120300292,63.8551907221476
4042,0.0,805.7658735452683,620.206120300292,63.8551907221476
4043,0.0,805.7658735452683,620.206120300292,63.8551907221476
4044,0.0,805.7658735452683,620.206120300292,63.8551907221476
4045,0.0,805.7658735452683,620.206120300292,63.8551907221476
4046,0.0,805.7658735452683,620.206120300292,63.8551907221476
4047,0.0,805.7658735452683,620.206120300292,63.8551907221476
4048,0.0,805.7658735452683,620.206120300292,63.8551907221476
4049,0.0,805.7658735452683,620.206120300292,63.8551907221476
4050,0.0,805.7658735452683,620.206120300292,63.8551907221476
4051,0.0,805.7658735452683,620.206120300292,63.8551907221476
4052,0.0,805.7658735452683,620.206120300292,63.8551907221476
4053,0.0,805.7658735452683,620.206120300292,63.8551907221476
4054,0.0,805.7658735452683,620.206120300292,63.8551907221476
4055,0.0,805.7658735452683,620.206120300292,63.8551907221476
4056,0.0,907.907020722186,609.434263610839,59.7218573888142
4057,0.0,907.907020722186,609.434263610839,59.7218573888142
4058,0.0,907.907020722186,609.434263610839,59.7218573888142
4059,0.0,907.907020722186,609.434263610839,59.7218573888142
4060,0.0,907.907020722186,609.434263610839,59.7218573888142
4061,0.0,907.907020722186,609.434263610839,59.7218573888142
4062,0.0,907.907020722186,609.434263610839,59.7218573888142
4063,0.0,907.907020722186,609.434263610839,59.7218573888142
4064,0.0,907.907020722186,609.434263610839,59.7218573888142
4065,0.0,907.907020722186,609.434263610839,59.7218573888142
4066,0.0,907.907020722186,609.434263610839,59.7218573888142
4067,0.0,907.907020722186,609.434263610839,59.7218573888142
4068,0.0,907.907020722186,609.434263610839,59.7218573888142
4069,0.0,907.907020722186,609.434263610839,59.7218573888142
4070,0.0,907.907020722186,609.434263610839,59.7218573888142
4071,0.0,907.907020722186,609.434263610839,59.7218573888142
4072,0.0,907.907020722186,609.434263610839,59.7218573888142
4073,0.0,907.907020722186,609.434263610839,59.7218573888142
4074,0.0,907.907020722186,609.434263610839,59.7218573888142
4075,0.0,907.907020722186,609.434263610839,59.7218573888142
4076,0.0,907.907020722186,609.434263610839,59.7218573888142
4077,0.0,907.907020722186,609.434263610839,59.7218573888142
4078,0.0,907.907020722186,609.434263610839,59.7218573888142
4079,0.0,907.907020722186,609.434263610839,59.7218573888142
4080,0.0,982.5792345498439,601.465289815266,56.2582297643025
4081,0.0,982.5792345498439,601.465289815266,56.2582297643025
4082,0.0,982.5792345498439,601.465289815266,56.2582297643025
4083,0.0,982.5792345498439,601.465289815266,56.2582297643025
4084,0.0,982.5792345498439,601.465289815266,56.2582297643025
4085,0.0,982.5792345498439,601.465289815266,56.2582297643025
4086,0.0,982.5792345498439,601.465289815266,56.2582297643025
4087,0.0,982.5792345498439,601.465289815266,56.2582297643025
4088,0.0,982.5792345498439,601.465289815266,56.2582297643025
4089,0.0,982.5792345498439,601.465289815266,56.2582297643025
4090,0.0,982.5792345498439,601.465289815266,56.2582297643025
4091,0.0,982.5792345498439,601.465289815266,56.2582297643025
4092,0.0,982.5792345498439,601.465289815266,56.2582297643025
4093,0.0,982.5792345498439,601.465289815266,56.2582297643025
4094,0.0,982.5792345498439,601.465289815266,56.2582297643025
4095,0.0,982.5792345498439,601.465289815266,56.2582297643025
4096,0.0,982.5792345498439,601.465289815266,56.2582297643025
4097,0.0,982.5792345498439,601.465289815266,56.2582297643025
4098,0.0,982.5792345498439,601.465289815266,56.2582297643025
4099,0.0,982.5792345498439,601.465289815266,56.2582297643025
4100,0.0,982.5792345498439,601.465289815266,56.2582297643025
4101,0.0,982.5792345498439,601.465289815266,56.2582297643025
4102,0.0,982.5792345498439,601.465289815266,56.2582297643025
4103,0.0,982.5792345498439,601.465289815266,56.2582297643025
4104,0.0,1146.19199675052,616.3040725708,51.9248964309692
4105,0.0,1146.19199675052,616.3040725708,51.9248964309692
4106,0.0,1146.19199675052,616.3040725708,51.9248964309692
4107,0.0,1146.19199675052,616.3040725708,51.9248964309692
4108,0.0,1146.19199675052,616.3040725708,51.9248964309692
4109,0.0,1146.19199675052,616.3040725708,51.9248964309692
4110,0.0,1146.19199675052,616.3040725708,51.9248964309692
4111,0.0,1146.19199675052,616.3040725708,51.9248964309692
4112,0.0,1146.19199675052,616.3040725708,51.9248964309692
4113,0.0,1146.19199675052,616.3040725708,51.9248964309692
4114,0.0,1146.19199675052,616.3040725708,51.9248964309692
4115,0.0,1146.19199675052,616.3040725708,51.9248964309692
4116,0.0,1146.19199675052,616.3040725708,51.9248964309692
4117,0.0,1146.19199675052,616.3040725708,51.9248964309692
4118,0.0,1146.19199675052,616.3040725708,51.9248964309692
4119,0.0,1146.19199675052,616.3040725708,51.9248964309692
4120,0.0,1146.19199675052,616.3040725708,51.9248964309692
4121,0.0,1146.19199675052,616.3040725708,51.9248964309692
4122,0.0,1146.19199675052,616.3040725708,51.9248964309692
4123,0.0,1146.19199675052,616.3040725708,51.9248964309692
4124,0.0,1146.19199675052,616.3040725708,51.9248964309692
4125,0.0,1146.19199675052,616.3040725708,51.9248964309692
4126,0.0,1146.19199675052,616.3040725708,51.9248964309692
4127,0.0,1146.19199675052,616.3040725708,51.9248964309692
4128,0.0,880.8196480475603,487.19801859930044,48.9248964309692
4129,0.0,880.8196480475603,487.19801859930044,48.9248964309692
4130,0.0,880.8196480475603,487.19801859930044,48.9248964309692
4131,0.0,880.8196480475603,487.19801859930044,48.9248964309692
4132,0.0,880.8196480475603,487.19801859930044,48.9248964309692
4133,0.0,880.8196480475603,487.19801859930044,48.9248964309692
4134,0.0,880.8196480475603,487.19801859930044,48.9248964309692
4135,0.0,880.8196480475603,487.19801859930044,48.9248964309692
4136,0.0,880.8196480475603,487.19801859930044,48.9248964309692
4137,0.0,880.8196480475603,487.19801859930044,48.9248964309692
4138,0.0,880.8196480475603,487.19801859930044,48.9248964309692
4139,0.0,880.8196480475603,487.19801859930044,48.9248964309692
4140,0.0,880.8196480475603,487.19801859930044,48.9248964309692
4141,0.0,880.8196480475603,487.19801859930044,48.9248964309692
4142,0.0,880.8196480475603,487.19801859930044,48.9248964309692
4143,0.0,880.8196480475603,487.19801859930044,48.9248964309692
4144,0.0,880.8196480475603,487.19801859930044,48.9248964309692
4145,0.0,880.8196480475603,487.19801859930044,48.9248964309692
4146,0.0,880.8196480475603,487.19801859930044,48.9248964309692
4147,0.0,880.8196480475603,487.19801859930044,48.9248964309692
4148,0.0,880.8196480475603,487.19801859930044,48.9248964309692
4149,0.0,880.8196480475603,487.19801859930044,48.9248964309692
4150,0.0,880.8196480475603,487.19801859930044,48.9248964309692
4151,0.0,880.8196480475603,487.19801859930044,48.9248964309692
4152,0.0,643.704662131335,645.212218221028,48.1582297643025
4153,0.0,643.704662131335,645.212218221028,48.1582297643025
4154,0.0,643.704662131335,645.212218221028,48.1582297643025
4155,0.0,643.704662131335,645.212218221028,48.1582297643025
4156,0.0,643.704662131335,645.212218221028,48.1582297643025
4157,0.0,643.704662131335,645.212218221028,48.1582297643025
4158,0.0,643.704662131335,645.212218221028,48.1582297643025
4159,0.0,643.704662131335,645.212218221028,48.1582297643025
4160,0.0,643.704662131335,645.212218221028,48.1582297643025
4161,0.0,643.704662131335,645.212218221028,48.1582297643025
4162,0.0,643.704662131335,645.212218221028,48.1582297643025
4163,0.0,643.704662131335,645.212218221028,48.1582297643025
4164,0.0,643.704662131335,645.212218221028,48.1582297643025
4165,0.0,643.704662131335,645.212218221028,48.1582297643025
4166,0.0,643.704662131335,645.212218221028,48.1582297643025
4167,0.0,643.704662131335,645.212218221028,48.1582297643025
4168,0.0,643.704662131335,645.212218221028,48.1582297643025
4169,0.0,643.704662131335,645.212218221028,48.1582297643025
4170,0.0,643.704662131335,645.212218221028,48.1582297643025
4171,0.0,643.704662131335,645.212218221028,48.1582297643025
4172,0.0,643.704662131335,645.212218221028,48.1582297643025
4173,0.0,643.704662131335,645.212218221028,48.1582297643025
4174,0.0,643.704662131335,645.212218221028,48.1582297643025
4175,0.0,643.704662131335,645.212218221028,48.1582297643025
4176,0.0,314.7419654401299,429.4608828941226,46.2915630976359
4177,0.0,314.7419654401299,429.4608828941226,46.2915630976359
4178,0.0,314.7419654401299,429.4608828941226,46.2915630976359
4179,0.0,314.7419654401299,429.4608828941226,46.2915630976359
4180,0.0,314.7419654401299,429.4608828941226,46.2915630976359
4181,0.0,314.7419654401299,429.4608828941226,46.2915630976359
4182,0.0,314.7419654401299,429.4608828941226,46.2915630976359
4183,0.0,314.7419654401299,429.4608828941226,46.2915630976359
4184,0.0,314.7419654401299,429.4608828941226,46.2915630976359
4185,0.0,314.7419654401299,429.4608828941226,46.2915630976359
4186,0.0,314.7419654401299,429.4608828941226,46.2915630976359
4187,0.0,314.7419654401299,429.4608828941226,46.2915630976359
4188,0.0,314.7419654401299,429.4608828941226,46.2915630976359
4189,0.0,314.7419654401299,429.4608828941226,46.2915630976359
4190,0.0,314.7419654401299,429.4608828941226,46.2915630976359
4191,0.0,314.7419654401299,429.4608828941226,46.2915630976359
4192,0.0,314.7419654401299,429.4608828941226,46.2915630976359
4193,0.0,314.7419654401299,429.4608828941226,46.2915630976359
4194,0.0,314.7419654401299,429.4608828941226,46.2915630976359
4195,0.0,314.7419654401299,429.4608828941226,46.2915630976359
4196,0.0,314.7419654401299,429.4608828941226,46.2915630976359
4197,0.0,314.7419654401299,429.4608828941226,46.2915630976359
4198,0.0,314.7419654401299,429.4608828941226,46.2915630976359
4199,0.0,314.7419654401299,429.4608828941226,46.2915630976359
4200,0.0,146.91953356174827,520.2998708898078,44.1248964309692
4201,0.0,146.91953356174827,520.2998708898078,44.1248964309692
4202,0.0,146.91953356174827,520.2998708898078,44.1248964309692
4203,0.0,146.91953356174827,520.2998708898078,44.1248964309692
4204,0.0,146.91953356174827,520.2998708898078,44.1248964309692
4205,0.0,146.91953356174827,520.2998708898078,44.1248964309692
4206,0.0,146.91953356174827,520.2998708898078,44.1248964309692
4207,0.0,146.91953356174827,520.2998708898078,44.1248964309692
4208,0.0,146.91953356174827,520.2998708898078,44.1248964309692
4209,0.0,146.91953356174827,520.2998708898078,44.1248964309692
4210,0.0,146.91953356174827,520.2998708898078,44.1248964309692
4211,0.0,146.91953356174827,520.2998708898078,44.1248964309692
4212,0.0,146.91953356174827,520.2998708898078,44.1248964309692
4213,0.0,146.91953356174827,520.2998708898078,44.1248964309692
4214,0.0,146.91953356174827,520.2998708898078,44.1248964309692
4215,0.0,146.91953356174827,520.2998708898078,44.1248964309692
4216,0.0,146.91953356174827,520.2998708898078,44.1248964309692
4217,0.0,146.91953356174827,520.2998708898078,44.1248964309692
4218,0.0,146.91953356174827,520.2998708898078,44.1248964309692
4219,0.0,146.91953356174827,520.2998708898078,44.1248964309692
4220,0.0,146.91953356174827,520.2998708898078,44.1248964309692
4221,0.0,146.91953356174827,520.2998708898078,44.1248964309692
4222,0.0,146.91953356174827,520.2998708898078,44.1248964309692
4223,0.0,146.91953356174827,520.2998708898078,44.1248964309692
4224,0.0,563.0136946136481,622.0294163877417,40.5116385777791
4225,0.0,563.0136946136481,622.0294163877417,40.5116385777791
4226,0.0,563.0136946136481,622.0294163877417,40.5116385777791
4227,0.0,563.0136946136481,622.0294163877417,40.5116385777791
4228,0.0,563.0136946136481,622.0294163877417,40.5116385777791
4229,0.0,563.0136946136481,622.0294163877417,40.5116385777791
4230,0.0,563.0136946136481,622.0294163877417,40.5116385777791
4231,0.0,563.0136946136481,622.0294163877417,40.5116385777791
4232,0.0,563.0136946136481,622.0294163877417,40.5116385777791
4233,0.0,563.0136946136481,622.0294163877417,40.5116385777791
4234,0.0,563.0136946136481,622.0294163877417,40.5116385777791
4235,0.0,563.0136946136481,622.0294163877417,40.5116385777791
4236,0.0,563.0136946136481,622.0294163877417,40.5116385777791
4237,0.0,563.0136946136481,622.0294163877417,40.5116385777791
4238,0.0,563.0136946136481,622.0294163877417,40.5116385777791
4239,0.0,563.0136946136481,622.0294163877417,40.5116385777791
4240,0.0,563.0136946136481,622.0294163877417,40.5116385777791
4241,0.0,563.0136946136481,622.0294163877417,40.5116385777791
4242,0.0,563.0136946136481,622.0294163877417,40.5116385777791
4243,0.0,563.0136946136481,622.0294163877417,40.5116385777791
4244,0.0,563.0136946136481,622.0294163877417,40.5116385777791
4245,0.0,563.0136946136481,622.0294163877417,40.5116385777791
4246,0.0,563.0136946136481,622.0294163877417,40.5116385777791
4247,0.0,563.0136946136481,622.0294163877417,40.5116385777791
4248,0.0,919.1152986023876,633.8923652552668,39.2849124272664
4249,0.0,919.1152986023876,633.8923652552668,39.2849124272664
4250,0.0,919.1152986023876,633.8923652552668,39.2849124272664
4251,0.0,919.1152986023876,633.8923652552668,39.2849124272664
4252,0.0,919.1152986023876,633.8923652552668,39.2849124272664
4253,0.0,919.1152986023876,633.8923652552668,39.2849124272664
4254,0.0,919.1152986023876,633.8923652552668,39.2849124272664
4255,0.0,919.1152986023876,633.8923652552668,39.2849124272664
4256,0.0,919.1152986023876,633.8923652552668,39.2849124272664
4257,0.0,919.1152986023876,633.8923652552668,39.2849124272664
4258,0.0,919.1152986023876,633.8923652552668,39.2849124272664
4259,0.0,919.1152986023876,633.8923652552668,39.2849124272664
4260,0.0,919.1152986023876,633.8923652552668,39.2849124272664
4261,0.0,919.1152986023876,633.8923652552668,39.2849124272664
4262,0.0,919.1152986023876,633.8923652552668,39.2849124272664
4263,0.0,919.1152986023876,633.8923652552668,39.2849124272664
4264,0.0,919.1152986023876,633.8923652552668,39.2849124272664
4265,0.0,919.1152986023876,633.8923652552668,39.2849124272664
4266,0.0,919.1152986023876,633.8923652552668,39.2849124272664
4267,0.0,919.1152986023876,633.8923652552668,39.2849124272664
4268,0.0,919.1152986023876,633.8923652552668,39.2849124272664
4269,0.0,919.1152986023876,633.8923652552668,39.2849124272664
4270,0.0,919.1152986023876,633.8923652552668,39.2849124272664
4271,0.0,919.1152986023876,633.8923652552668,39.2849124272664
4272,0.0,724.3849358689224,669.119145711263,40.9324389139811
4273,0.0,724.3849358689224,669.119145711263,40.9324389139811
4274,0.0,724.3849358689224,669.119145711263,40.9324389139811
4275,0.0,724.3849358689224,669.119145711263,40.9324389139811
4276,0.0,724.3849358689224,669.119145711263,40.9324389139811
4277,0.0,724.3849358689224,669.119145711263,40.9324389139811
4278,0.0,724.3849358689224,669.119145711263,40.9324389139811
4279,0.0,724.3849358689224,669.119145711263,40.9324389139811
4280,0.0,724.3849358689224,669.119145711263,40.9324389139811
4281,0.0,724.3849358689224,669.119145711263,40.9324389139811
4282,0.0,724.3849358689224,669.119145711263,40.9324389139811
4283,0.0,724.3849358689224,669.119145711263,40.9324389139811
4284,0.0,724.3849358689224,669.119145711263,40.9324389139811
4285,0.0,724.3849358689224,669.119145711263,40.9324389139811
4286,0.0,724.3849358689224,669.119145711263,40.9324389139811
4287,0.0,724.3849358689224,669.119145711263,40.9324389139811
4288,0.0,724.3849358689224,669.119145711263,40.9324389139811
4289,0.0,724.3849358689224,669.119145711263,40.9324389139811
4290,0.0,724.3849358689224,669.119145711263,40.9324389139811
4291,0.0,724.3849358689224,669.119145711263,40.9324389139811
4292,0.0,724.3849358689224,669.119145711263,40.9324389139811
4293,0.0,724.3849358689224,669.119145711263,40.9324389139811
4294,0.0,724.3849358689224,669.119145711263,40.9324389139811
4295,0.0,724.3849358689224,669.119145711263,40.9324389139811
4296,0.0,603.8967941387698,663.1336654391546,42.8991055806477
4297,0.0,603.8967941387698,663.1336654391546,42.8991055806477
4298,0.0,603.8967941387698,663.1336654391546,42.8991055806477
4299,0.0,603.8967941387698,663.1336654391546,42.8991055806477
4300,0.0,603.8967941387698,663.1336654391546,42.8991055806477
4301,0.0,603.8967941387698,663.1336654391546,42.8991055806477
4302,0.0,603.8967941387698,663.1336654391546,42.8991055806477
4303,0.0,603.8967941387698,663.1336654391546,42.8991055806477
4304,0.0,603.8967941387698,663.1336654391546,42.8991055806477
4305,0.0,603.8967941387698,663.1336654391546,42.8991055806477
4306,0.0,603.8967941387698,663.1336654391546,42.8991055806477
4307,0.0,603.8967941387698,663.1336654391546,42.8991055806477
4308,0.0,603.8967941387698,663.1336654391546,42.8991055806477
4309,0.0,603.8967941387698,663.1336654391546,42.8991055806477
4310,0.0,603.8967941387698,663.1336654391546,42.8991055806477
4311,0.0,603.8967941387698,663.1336654391546,42.8991055806477
4312,0.0,603.8967941387698,663.1336654391546,42.8991055806477
4313,0.0,603.8967941387698,663.1336654391546,42.8991055806477
4314,0.0,603.8967941387698,663.1336654391546,42.8991055806477
4315,0.0,603.8967941387698,663.1336654391546,42.8991055806477
4316,0.0,603.8967941387698,663.1336654391546,42.8991055806477
4317,0.0,603.8967941387698,663.1336654391546,42.8991055806477
4318,0.0,603.8967941387698,663.1336654391546,42.8991055806477
4319,0.0,603.8967941387698,663.1336654391546,42.8991055806477
4320,0.0,962.9836054159523,601.9043048137462,40.4026944478352
4321,0.0,962.9836054159523,601.9043048137462,40.4026944478352
4322,0.0,962.9836054159523,601.9043048137462,40.4026944478352
4323,0.0,962.9836054159523,601.9043048137462,40.4026944478352
4324,0.0,962.9836054159523,601.9043048137462,40.4026944478352
4325,0.0,962.9836054159523,601.9043048137462,40.4026944478352
4326,0.0,962.9836054159523,601.9043048137462,40.4026944478352
4327,0.0,962.9836054159523,601.9043048137462,40.4026944478352
4328,0.0,962.9836054159523,601.9043048137462,40.4026944478352
4329,0.0,962.9836054159523,601.9043048137462,40.4026944478352
4330,0.0,962.9836054159523,601.9043048137462,40.4026944478352
4331,0.0,962.9836054159523,601.9043048137462,40.4026944478352
4332,0.0,962.9836054159523,601.9043048137462,40.4026944478352
4333,0.0,962.9836054159523,601.9043048137462,40.4026944478352
4334,0.0,962.9836054159523,601.9043048137462,40.4026944478352
4335,0.0,962.9836054159523,601.9043048137462,40.4026944478352
4336,0.0,962.9836054159523,601.9043048137462,40.4026944478352
4337,0.0,962.9836054159523,601.9043048137462,40.4026944478352
4338,0.0,962.9836054159523,601.9043048137462,40.4026944478352
4339,0.0,962.9836054159523,601.9043048137462,40.4026944478352
4340,0.0,962.9836054159523,601.9043048137462,40.4026944478352
4341,0.0,962.9836054159523,601.9043048137462,40.4026944478352
4342,0.0,962.9836054159523,601.9043048137462,40.4026944478352
4343,0.0,962.9836054159523,601.9043048137462,40.4026944478352
4344,0.0,554.2728408728199,623.6557595398161,40.295402654012
4345,0.0,554.2728408728199,623.6557595398161,40.295402654012
4346,0.0,554.2728408728199,623.6557595398161,40.295402654012
4347,0.0,554.2728408728199,623.6557595398161,40.295402654012
4348,0.0,554.2728408728199,623.6557595398161,40.295402654012
4349,0.0,554.2728408728199,623.6557595398161,40.295402654012
4350,0.0,554.2728408728199,623.6557595398161,40.295402654012
4351,0.0,554.2728408728199,623.6557595398161,40.295402654012
4352,0.0,554.2728408728199,623.6557595398161,40.295402654012
4353,0.0,554.2728408728199,623.6557595398161,40.295402654012
4354,0.0,554.2728408728199,623.6557595398161,40.295402654012
4355,0.0,554.2728408728199,623.6557595398161,40.295402654012
4356,0.0,554.2728408728199,623.6557595398161,40.295402654012
4357,0.0,554.2728408728199,623.6557595398161,40.295402654012
4358,0.0,554.2728408728199,623.6557595398161,40.295402654012
4359,0.0,554.2728408728199,623.6557595398161,40.295402654012
4360,0.0,554.2728408728199,623.6557595398161,40.295402654012
4361,0.0,554.2728408728199,623.6557595398161,40.295402654012
4362,0.0,554.2728408728199,623.6557595398161,40.295402654012
4363,0.0,554.2728408728199,623.6557595398161,40.295402654012
4364,0.0,554.2728408728199,623.6557595398161,40.295402654012
4365,0.0,554.2728408728199,623.6557595398161,40.295402654012
4366,0.0,554.2728408728199,623.6557595398161,40.295402654012
4367,0.0,554.2728408728199,623.6557595398161,40.295402654012
4368,0.0,764.553495427027,521.3851417176005,38.2633388519287
4369,0.0,764.553495427027,521.3851417176005,38.2633388519287
4370,0.0,764.553495427027,521.3851417176005,38.2633388519287
4371,0.0,764.553495427027,521.3851417176005,38.2633388519287
4372,0.0,764.553495427027,521.3851417176005,38.2633388519287
4373,0.0,764.553495427027,521.3851417176005,38.2633388519287
4374,0.0,764.553495427027,521.3851417176005,38.2633388519287
4375,0.0,764.553495427027,521.3851417176005,38.2633388519287
4376,0.0,764.553495427027,521.3851417176005,38.2633388519287
4377,0.0,764.553495427027,521.3851417176005,38.2633388519287
4378,0.0,764.553495427027,521.3851417176005,38.2633388519287
4379,0.0,764.553495427027,521.3851417176005,38.2633388519287
4380,0.0,764.553495427027,521.3851417176005,38.2633388519287
4381,0.0,764.553495427027,521.3851417176005,38.2633388519287
4382,0.0,764.553495427027,521.3851417176005,38.2633388519287
4383,0.0,764.553495427027,521.3851417176005,38.2633388519287
4384,0.0,764.553495427027,521.3851417176005,38.2633388519287
4385,0.0,764.553495427027,521.3851417176005,38.2633388519287
4386,0.0,764.553495427027,521.3851417176005,38.2633388519287
4387,0.0,764.553495427027,521.3851417176005,38.2633388519287
4388,0.0,764.553495427027,521.3851417176005,38.2633388519287
4389,0.0,764.553495427027,521.3851417176005,38.2633388519287
4390,0.0,764.553495427027,521.3851417176005,38.2633388519287
4391,0.0,764.553495427027,521.3851417176005,38.2633388519287
4392,0.0,677.5378157914554,541.5931906951946,34.8633388519287
4393,0.0,677.5378157914554,541.5931906951946,34.8633388519287
4394,0.0,677.5378157914554,541.5931906951946,34.8633388519287
4395,0.0,677.5378157914554,541.5931906951946,34.8633388519287
4396,0.0,677.5378157914554,541.5931906951946,34.8633388519287
4397,0.0,677.5378157914554,541.5931906951946,34.8633388519287
4398,0.0,677.5378157914554,541.5931906951946,34.8633388519287
4399,0.0,677.5378157914554,541.5931906951946,34.8633388519287
4400,0.0,677.5378157914554,541.5931906951946,34.8633388519287
4401,0.0,677.5378157914554,541.5931906951946,34.8633388519287
4402,0.0,677.5378157914554,541.5931906951946,34.8633388519287
4403,0.0,677.5378157914554,541.5931906951946,34.8633388519287
4404,0.0,677.5378157914554,541.5931906951946,34.8633388519287
4405,0.0,677.5378157914554,541.5931906951946,34.8633388519287
4406,0.0,677.5378157914554,541.5931906951946,34.8633388519287
4407,0.0,677.5378157914554,541.5931906951946,34.8633388519287
4408,0.0,677.5378157914554,541.5931906951946,34.8633388519287
4409,0.0,677.5378157914554,541.5931906951946,34.8633388519287
4410,0.0,677.5378157914554,541.5931906951946,34.8633388519287
4411,0.0,677.5378157914554,541.5931906951946,34.8633388519287
4412,0.0,677.5378157914554,541.5931906951946,34.8633388519287
4413,0.0,677.5378157914554,541.5931906951946,34.8633388519287
4414,0.0,677.5378157914554,541.5931906951946,34.8633388519287
4415,0.0,677.5378157914554,541.5931906951946,34.8633388519287
4416,0.0,867.6091345846723,604.4316592281815,34.1825496673584
4417,0.0,867.6091345846723,604.4316592281815,34.1825496673584
4418,0.0,867.6091345846723,604.4316592281815,34.1825496673584
4419,0.0,867.6091345846723,604.4316592281815,34.1825496673584
4420,0.0,867.6091345846723,604.4316592281815,34.1825496673584
4421,0.0,867.6091345846723,604.4316592281815,34.1825496673584
4422,0.0,867.6091345846723,604.4316592281815,34.1825496673584
4423,0.0,867.6091345846723,604.4316592281815,34.1825496673584
4424,0.0,867.6091345846723,604.4316592281815,34.1825496673584
4425,0.0,867.6091345846723,604.4316592281815,34.1825496673584
4426,0.0,867.6091345846723,604.4316592281815,34.1825496673584
4427,0.0,867.6091345846723,604.4316592281815,34.1825496673584
4428,0.0,867.6091345846723,604.4316592281815,34.1825496673584
4429,0.0,867.6091345846723,604.4316592281815,34.1825496673584
4430,0.0,867.6091345846723,604.4316592281815,34.1825496673584
4431,0.0,867.6091345846723,604.4316592281815,34.1825496673584
4432,0.0,867.6091345846723,604.4316592281815,34.1825496673584
4433,0.0,867.6091345846723,604.4316592281815,34.1825496673584
4434,0.0,867.6091345846723,604.4316592281815,34.1825496673584
4435,0.0,867.6091345846723,604.4316592281815,34.1825496673584
4436,0.0,867.6091345846723,604.4316592281815,34.1825496673584
4437,0.0,867.6091345846723,604.4316592281815,34.1825496673584
4438,0.0,867.6091345846723,604.4316592281815,34.1825496673584
4439,0.0,867.6091345846723,604.4316592281815,34.1825496673584
4440,0.0,599.4834021909032,0.0,32.8286520640055
4441,0.0,599.4834021909032,0.0,32.8286520640055
4442,0.0,599.4834021909032,0.0,32.8286520640055
4443,0.0,599.4834021909032,0.0,32.8286520640055
4444,0.0,599.4834021909032,0.0,32.8286520640055
4445,0.0,599.4834021909032,0.0,32.8286520640055
4446,0.0,599.4834021909032,0.0,32.8286520640055
4447,0.0,599.4834021909032,0.0,32.8286520640055
4448,0.0,599.4834021909032,0.0,32.8286520640055
4449,0.0,599.4834021909032,0.0,32.8286520640055
4450,0.0,599.4834021909032,0.0,32.8286520640055
4451,0.0,599.4834021909032,0.0,32.8286520640055
4452,0.0,599.4834021909032,0.0,32.8286520640055
4453,0.0,599.4834021909032,0.0,32.8286520640055
4454,0.0,599.4834021909032,0.0,32.8286520640055
4455,0.0,599.4834021909032,0.0,32.8286520640055
4456,0.0,599.4834021909032,0.0,32.8286520640055
4457,0.0,599.4834021909032,0.0,32.8286520640055
4458,0.0,599.4834021909032,0.0,32.8286520640055
4459,0.0,599.4834021909032,0.0,32.8286520640055
4460,0.0,599.4834021909032,0.0,32.8286520640055
4461,0.0,599.4834021909032,0.0,32.8286520640055
4462,0.0,599.4834021909032,0.0,32.8286520640055
4463,0.0,599.4834021909032,0.0,32.8286520640055
4464,0.0,652.4883385861988,521.7515482903178,30.3619853973388
4465,0.0,652.4883385861988,521.7515482903178,30.3619853973388
4466,0.0,652.4883385861988,521.7515482903178,30.3619853973388
4467,0.0,652.4883385861988,521.7515482903178,30.3619853973388
4468,0.0,652.4883385861988,521.7515482903178,30.3619853973388
4469,0.0,652.4883385861988,521.7515482903178,30.3619853973388
4470,0.0,652.4883385861988,521.7515482903178,30.3619853973388
4471,0.0,652.4883385861988,521.7515482903178,30.3619853973388
4472,0.0,652.4883385861988,521.7515482903178,30.3619853973388
4473,0.0,652.4883385861988,521.7515482903178,30.3619853973388
4474,0.0,652.4883385861988,521.7515482903178,30.3619853973388
4475,0.0,652.4883385861988,521.7515482903178,30.3619853973388
4476,0.0,652.4883385861988,521.7515482903178,30.3619853973388
4477,0.0,652.4883385861988,521.7515482903178,30.3619853973388
4478,0.0,652.4883385861988,521.7515482903178,30.3619853973388
4479,0.0,652.4883385861988,521.7515482903178,30.3619853973388
4480,0.0,652.4883385861988,521.7515482903178,30.3619853973388
4481,0.0,652.4883385861988,521.7515482903178,30.3619853973388
4482,0.0,652.4883385861988,521.7515482903178,30.3619853973388
4483,0.0,652.4883385861988,521.7515482903178,30.3619853973388
4484,0.0,652.4883385861988,521.7515482903178,30.3619853973388
4485,0.0,652.4883385861988,521.7515482903178,30.3619853973388
4486,0.0,652.4883385861988,521.7515482903178,30.3619853973388
4487,0.0,652.4883385861988,521.7515482903178,30.3619853973388
4488,0.0,499.09606525041954,726.633166503906,27.4619853973388
4489,0.0,499.09606525041954,726.633166503906,27.4619853973388
4490,0.0,499.09606525041954,726.633166503906,27.4619853973388
4491,0.0,499.09606525041954,726.633166503906,27.4619853973388
4492,0.0,499.09606525041954,726.633166503906,27.4619853973388
4493,0.0,499.09606525041954,726.633166503906,27.4619853973388
4494,0.0,499.09606525041954,726.633166503906,27.4619853973388
4495,0.0,499.09606525041954,726.633166503906,27.4619853973388
4496,0.0,499.09606525041954,726.633166503906,27.4619853973388
4497,0.0,499.09606525041954,726.633166503906,27.4619853973388
4498,0.0,499.09606525041954,726.633166503906,27.4619853973388
4499,0.0,499.09606525041954,726.633166503906,27.4619853973388
4500,0.0,499.09606525041954,726.633166503906,27.4619853973388
4501,0.0,499.09606525041954,726.633166503906,27.4619853973388
4502,0.0,499.09606525041954,726.633166503906,27.4619853973388
4503,0.0,499.09606525041954,726.633166503906,27.4619853973388
4504,0.0,499.09606525041954,726.633166503906,27.4619853973388
4505,0.0,499.09606525041954,726.633166503906,27.4619853973388
4506,0.0,499.09606525041954,726.633166503906,27.4619853973388
4507,0.0,499.09606525041954,726.633166503906,27.4619853973388
4508,0.0,499.09606525041954,726.633166503906,27.4619853973388
4509,0.0,499.09606525041954,726.633166503906,27.4619853973388
4510,0.0,499.09606525041954,726.633166503906,27.4619853973388
4511,0.0,499.09606525041954,726.633166503906,27.4619853973388
4512,0.0,821.4722691867564,732.898429361979,27.8600616455078
4513,0.0,821.4722691867564,732.898429361979,27.8600616455078
4514,0.0,821.4722691867564,732.898429361979,27.8600616455078
4515,0.0,821.4722691867564,732.898429361979,27.8600616455078
4516,0.0,821.4722691867564,732.898429361979,27.8600616455078
4517,0.0,821.4722691867564,732.898429361979,27.8600616455078
4518,0.0,821.4722691867564,732.898429361979,27.8600616455078
4519,0.0,821.4722691867564,732.898429361979,27.8600616455078
4520,0.0,821.4722691867564,732.898429361979,27.8600616455078
4521,0.0,821.4722691867564,732.898429361979,27.8600616455078
4522,0.0,821.4722691867564,732.898429361979,27.8600616455078
4523,0.0,821.4722691867564,732.898429361979,27.8600616455078
4524,0.0,821.4722691867564,732.898429361979,27.8600616455078
4525,0.0,821.4722691867564,732.898429361979,27.8600616455078
4526,0.0,821.4722691867564,732.898429361979,27.8600616455078
4527,0.0,821.4722691867564,732.898429361979,27.8600616455078
4528,0.0,821.4722691867564,732.898429361979,27.8600616455078
4529,0.0,821.4722691867564,732.898429361979,27.8600616455078
4530,0.0,821.4722691867564,732.898429361979,27.8600616455078
4531,0.0,821.4722691867564,732.898429361979,27.8600616455078
4532,0.0,821.4722691867564,732.898429361979,27.8600616455078
4533,0.0,821.4722691867564,732.898429361979,27.8600616455078
4534,0.0,821.4722691867564,732.898429361979,27.8600616455078
4535,0.0,821.4722691867564,732.898429361979,27.8600616455078
4536,0.0,893.5219941544697,576.3371748170011,29.4012958526611
4537,0.0,893.5219941544697,576.3371748170011,29.4012958526611
4538,0.0,893.5219941544697,576.3371748170011,29.4012958526611
4539,0.0,893.5219941544697,576.3371748170011,29.4012958526611
4540,0.0,893.5219941544697,576.3371748170011,29.4012958526611
4541,0.0,893.5219941544697,576.3371748170011,29.4012958526611
4542,0.0,893.5219941544697,576.3371748170011,29.4012958526611
4543,0.0,893.5219941544697,576.3371748170011,29.4012958526611
4544,0.0,893.5219941544697,576.3371748170011,29.4012958526611
4545,0.0,893.5219941544697,576.3371748170011,29.4012958526611
4546,0.0,893.5219941544697,576.3371748170011,29.4012958526611
4547,0.0,893.5219941544697,576.3371748170011,29.4012958526611
4548,0.0,893.5219941544697,576.3371748170011,29.4012958526611
4549,0.0,893.5219941544697,576.3371748170011,29.4012958526611
4550,0.0,893.5219941544697,576.3371748170011,29.4012958526611
4551,0.0,893.5219941544697,576.3371748170011,29.4012958526611
4552,0.0,893.5219941544697,576.3371748170011,29.4012958526611
4553,0.0,893.5219941544697,576.3371748170011,29.4012958526611
4554,0.0,893.5219941544697,576.3371748170011,29.4012958526611
4555,0.0,893.5219941544697,576.3371748170011,29.4012958526611
4556,0.0,893.5219941544697,576.3371748170011,29.4012958526611
4557,0.0,893.5219941544697,576.3371748170011,29.4012958526611
4558,0.0,893.5219941544697,576.3371748170011,29.4012958526611
4559,0.0,893.5219941544697,576.3371748170011,29.4012958526611
4560,0.0,1221.2297243100184,539.0379813174588,29.6547643025716
4561,0.0,1221.2297243100184,539.0379813174588,29.6547643025716
4562,0.0,1221.2297243100184,539.0379813174588,29.6547643025716
4563,0.0,1221.2297243100184,539.0379813174588,29.6547643025716
4564,0.0,1221.2297243100184,539.0379813174588,29.6547643025716
4565,0.0,1221.2297243100184,539.0379813174588,29.6547643025716
4566,0.0,1221.2297243100184,539.0379813174588,29.6547643025716
4567,0.0,1221.2297243100184,539.0379813174588,29.6547643025716
4568,0.0,1221.2297243100184,539.0379813174588,29.6547643025716
4569,0.0,1221.2297243100184,539.0379813174588,29.6547643025716
4570,0.0,1221.2297243100184,539.0379813174588,29.6547643025716
4571,0.0,1221.2297243100184,539.0379813174588,29.6547643025716
4572,0.0,1221.2297243100184,539.0379813174588,29.6547643025716
4573,0.0,1221.2297243100184,539.0379813174588,29.6547643025716
4574,0.0,1221.2297243100184,539.0379813174588,29.6547643025716
4575,0.0,1221.2297243100184,539.0379813174588,29.6547643025716
4576,0.0,1221.2297243100184,539.0379813174588,29.6547643025716
4577,0.0,1221.2297243100184,539.0379813174588,29.6547643025716
4578,0.0,1221.2297243100184,539.0379813174588,29.6547643025716
4579,0.0,1221.2297243100184,539.0379813174588,29.6547643025716
4580,0.0,1221.2297243100184,539.0379813174588,29.6547643025716
4581,0.0,1221.2297243100184,539.0379813174588,29.6547643025716
4582,0.0,1221.2297243100184,539.0379813174588,29.6547643025716
4583,0.0,1221.2297243100184,539.0379813174588,29.6547643025716
4584,0.0,1206.7399805437453,567.9322121148804,28.0880976359049
4585,0.0,1206.7399805437453,567.9322121148804,28.0880976359049
4586,0.0,1206.7399805437453,567.9322121148804,28.0880976359049
4587,0.0,1206.7399805437453,567.9322121148804,28.0880976359049
4588,0.0,1206.7399805437453,567.9322121148804,28.0880976359049
4589,0.0,1206.7399805437453,567.9322121148804,28.0880976359049
4590,0.0,1206.7399805437453,567.9322121148804,28.0880976359049
4591,0.0,1206.7399805437453,567.9322121148804,28.0880976359049
4592,0.0,1206.7399805437453,567.9322121148804,28.0880976359049
4593,0.0,1206.7399805437453,567.9322121148804,28.0880976359049
4594,0.0,1206.7399805437453,567.9322121148804,28.0880976359049
4595,0.0,1206.7399805437453,567.9322121148804,28.0880976359049
4596,0.0,1206.7399805437453,567.9322121148804,28.0880976359049
4597,0.0,1206.7399805437453,567.9322121148804,28.0880976359049
4598,0.0,1206.7399805437453,567.9322121148804,28.0880976359049
4599,0.0,1206.7399805437453,567.9322121148804,28.0880976359049
4600,0.0,1206.7399805437453,567.9322121148804,28.0880976359049
4601,0.0,1206.7399805437453,567.9322121148804,28.0880976359049
4602,0.0,1206.7399805437453,567.9322121148804,28.0880976359049
4603,0.0,1206.7399805437453,567.9322121148804,28.0880976359049
4604,0.0,1206.7399805437453,567.9322121148804,28.0880976359049
4605,0.0,1206.7399805437453,567.9322121148804,28.0880976359049
4606,0.0,1206.7399805437453,567.9322121148804,28.0880976359049
4607,0.0,1206.7399805437453,567.9322121148804,28.0880976359049
4608,0.0,1276.7674832095424,621.6506558668844,27.8098768234252
4609,0.0,1276.7674832095424,621.6506558668844,27.8098768234252
4610,0.0,1276.7674832095424,621.6506558668844,27.8098768234252
4611,0.0,1276.7674832095424,621.6506558668844,27.8098768234252
4612,0.0,1276.7674832095424,621.6506558668844,27.8098768234252
4613,0.0,1276.7674832095424,621.6506558668844,27.8098768234252
4614,0.0,1276.7674832095424,621.6506558668844,27.8098768234252
4615,0.0,1276.7674832095424,621.6506558668844,27.8098768234252
4616,0.0,1276.7674832095424,621.6506558668844,27.8098768234252
4617,0.0,1276.7674832095424,621.6506558668844,27.8098768234252
4618,0.0,1276.7674832095424,621.6506558668844,27.8098768234252
4619,0.0,1276.7674832095424,621.6506558668844,27.8098768234252
4620,0.0,1276.7674832095424,621.6506558668844,27.8098768234252
4621,0.0,1276.7674832095424,621.6506558668844,27.8098768234252
4622,0.0,1276.7674832095424,621.6506558668844,27.8098768234252
4623,0.0,1276.7674832095424,621.6506558668844,27.8098768234252
4624,0.0,1276.7674832095424,621.6506558668844,27.8098768234252
4625,0.0,1276.7674832095424,621.6506558668844,27.8098768234252
4626,0.0,1276.7674832095424,621.6506558668844,27.8098768234252
4627,0.0,1276.7674832095424,621.6506558668844,27.8098768234252
4628,0.0,1276.7674832095424,621.6506558668844,27.8098768234252
4629,0.0,1276.7674832095424,621.6506558668844,27.8098768234252
4630,0.0,1276.7674832095424,621.6506558668844,27.8098768234252
4631,0.0,1276.7674832095424,621.6506558668844,27.8098768234252
4632,0.0,986.635163154775,574.2765687792173,26.2965739568074
4633,0.0,986.635163154775,574.2765687792173,26.2965739568074
4634,0.0,986.635163154775,574.2765687792173,26.2965739568074
4635,0.0,986.635163154775,574.2765687792173,26.2965739568074
4636,0.0,986.635163154775,574.2765687792173,26.2965739568074
4637,0.0,986.635163154775,574.2765687792173,26.2965739568074
4638,0.0,986.635163154775,574.2765687792173,26.2965739568074
4639,0.0,986.635163154775,574.2765687792173,26.2965739568074
4640,0.0,986.635163154775,574.2765687792173,26.2965739568074
4641,0.0,986.635163154775,574.2765687792173,26.2965739568074
4642,0.0,986.635163154775,574.2765687792173,26.2965739568074
4643,0.0,986.635163154775,574.2765687792173,26.2965739568074
4644,0.0,986.635163154775,574.2765687792173,26.2965739568074
4645,0.0,986.635163154775,574.2765687792173,26.2965739568074
4646,0.0,986.635163154775,574.2765687792173,26.2965739568074
4647,0.0,986.635163154775,574.2765687792173,26.2965739568074
4648,0.0,986.635163154775,574.2765687792173,26.2965739568074
4649,0.0,986.635163154775,574.2765687792173,26.2965739568074
4650,0.0,986.635163154775,574.2765687792173,26.2965739568074
4651,0.0,986.635163154775,574.2765687792173,26.2965739568074
4652,0.0,986.635163154775,574.2765687792173,26.2965739568074
4653,0.0,986.635163154775,574.2765687792173,26.2965739568074
4654,0.0,986.635163154775,574.2765687792173,26.2965739568074
4655,0.0,986.635163154775,574.2765687792173,26.2965739568074
4656,0.0,559.0362948869247,671.5358919836616,25.560677019755
4657,0.0,559.0362948869247,671.5358919836616,25.560677019755
4658,0.0,559.0362948869247,671.5358919836616,25.560677019755
4659,0.0,559.0362948869247,671.5358919836616,25.560677019755
4660,0.0,559.0362948869247,671.5358919836616,25.560677019755
4661,0.0,559.0362948869247,671.5358919836616,25.560677019755
4662,0.0,559.0362948869247,671.5358919836616,25.560677019755
4663,0.0,559.0362948869247,671.5358919836616,25.560677019755
4664,0.0,559.0362948869247,671.5358919836616,25.560677019755
4665,0.0,559.0362948869247,671.5358919836616,25.560677019755
4666,0.0,559.0362948869247,671.5358919836616,25.560677019755
4667,0.0,559.0362948869247,671.5358919836616,25.560677019755
4668,0.0,559.0362948869247,671.5358919836616,25.560677019755
4669,0.0,559.0362948869247,671.5358919836616,25.560677019755
4670,0.0,559.0362948869247,671.5358919836616,25.560677019755
4671,0.0,559.0362948869247,671.5358919836616,25.560677019755
4672,0.0,559.0362948869247,671.5358919836616,25.560677019755
4673,0.0,559.0362948869247,671.5358919836616,25.560677019755
4674,0.0,559.0362948869247,671.5358919836616,25.560677019755
4675,0.0,559.0362948869247,671.5358919836616,25.560677019755
4676,0.0,559.0362948869247,671.5358919836616,25.560677019755
4677,0.0,559.0362948869247,671.5358919836616,25.560677019755
4678,0.0,559.0362948869247,671.5358919836616,25.560677019755
4679,0.0,559.0362948869247,671.5358919836616,25.560677019755
4680,0.0,300.8296248630795,597.6866755554805,23.464955329895
4681,0.0,300.8296248630795,597.6866755554805,23.464955329895
4682,0.0,300.8296248630795,597.6866755554805,23.464955329895
4683,0.0,300.8296248630795,597.6866755554805,23.464955329895
4684,0.0,300.8296248630795,597.6866755554805,23.464955329895
4685,0.0,300.8296248630795,597.6866755554805,23.464955329895
4686,0.0,300.8296248630795,597.6866755554805,23.464955329895
4687,0.0,300.8296248630795,597.6866755554805,23.464955329895
4688,0.0,300.8296248630795,597.6866755554805,23.464955329895
4689,0.0,300.8296248630795,597.6866755554805,23.464955329895
4690,0.0,300.8296248630795,597.6866755554805,23.464955329895
4691,0.0,300.8296248630795,597.6866755554805,23.464955329895
4692,0.0,300.8296248630795,597.6866755554805,23.464955329895
4693,0.0,300.8296248630795,597.6866755554805,23.464955329895
4694,0.0,300.8296248630795,597.6866755554805,23.464955329895
4695,0.0,300.8296248630795,597.6866755554805,23.464955329895
4696,0.0,300.8296248630795,597.6866755554805,23.464955329895
4697,0.0,300.8296248630795,597.6866755554805,23.464955329895
4698,0.0,300.8296248630795,597.6866755554805,23.464955329895
4699,0.0,300.8296248630795,597.6866755554805,23.464955329895
4700,0.0,300.8296248630795,597.6866755554805,23.464955329895
4701,0.0,300.8296248630795,597.6866755554805,23.464955329895
4702,0.0,300.8296248630795,597.6866755554805,23.464955329895
4703,0.0,300.8296248630795,597.6866755554805,23.464955329895
4704,0.0,292.02226971330333,570.7230916635026,20.9779287338256
4705,0.0,292.02226971330333,570.7230916635026,20.9779287338256
4706,0.0,292.02226971330333,570.7230916635026,20.9779287338256
4707,0.0,292.02226971330333,570.7230916635026,20.9779287338256
4708,0.0,292.02226971330333,570.7230916635026,20.9779287338256
4709,0.0,292.02226971330333,570.7230916635026,20.9779287338256
4710,0.0,292.02226971330333,570.7230916635026,20.9779287338256
4711,0.0,292.02226971330333,570.7230916635026,20.9779287338256
4712,0.0,292.02226971330333,570.7230916635026,20.9779287338256
4713,0.0,292.02226971330333,570.7230916635026,20.9779287338256
4714,0.0,292.02226971330333,570.7230916635026,20.9779287338256
4715,0.0,292.02226971330333,570.7230916635026,20.9779287338256
4716,0.0,292.02226971330333,570.7230916635026,20.9779287338256
4717,0.0,292.02226971330333,570.7230916635026,20.9779287338256
4718,0.0,292.02226971330333,570.7230916635026,20.9779287338256
4719,0.0,292.02226971330333,570.7230916635026,20.9779287338256
4720,0.0,292.02226971330333,570.7230916635026,20.9779287338256
4721,0.0,292.02226971330333,570.7230916635026,20.9779287338256
4722,0.0,292.02226971330333,570.7230916635026,20.9779287338256
4723,0.0,292.02226971330333,570.7230916635026,20.9779287338256
4724,0.0,292.02226971330333,570.7230916635026,20.9779287338256
4725,0.0,292.02226971330333,570.7230916635026,20.9779287338256
4726,0.0,292.02226971330333,570.7230916635026,20.9779287338256
4727,0.0,292.02226971330333,570.7230916635026,20.9779287338256
4728,0.0,434.30907116115986,272.6319144153098,19.311262067159
4729,0.0,434.30907116115986,272.6319144153098,19.311262067159
4730,0.0,434.30907116115986,272.6319144153098,19.311262067159
4731,0.0,434.30907116115986,272.6319144153098,19.311262067159
4732,0.0,434.30907116115986,272.6319144153098,19.311262067159
4733,0.0,434.30907116115986,272.6319144153098,19.311262067159
4734,0.0,434.30907116115986,272.6319144153098,19.311262067159
4735,0.0,434.30907116115986,272.6319144153098,19.311262067159
4736,0.0,434.30907116115986,272.6319144153098,19.311262067159
4737,0.0,434.30907116115986,272.6319144153098,19.311262067159
4738,0.0,434.30907116115986,272.6319144153098,19.311262067159
4739,0.0,434.30907116115986,272.6319144153098,19.311262067159
4740,0.0,434.30907116115986,272.6319144153098,19.311262067159
4741,0.0,434.30907116115986,272.6319144153098,19.311262067159
4742,0.0,434.30907116115986,272.6319144153098,19.311262067159
4743,0.0,434.30907116115986,272.6319144153098,19.311262067159
4744,0.0,434.30907116115986,272.6319144153098,19.311262067159
4745,0.0,434.30907116115986,272.6319144153098,19.311262067159
4746,0.0,434.30907116115986,272.6319144153098,19.311262067159
4747,0.0,434.30907116115986,272.6319144153098,19.311262067159
4748,0.0,434.30907116115986,272.6319144153098,19.311262067159
4749,0.0,434.30907116115986,272.6319144153098,19.311262067159
4750,0.0,434.30907116115986,272.6319144153098,19.311262067159
4751,0.0,434.30907116115986,272.6319144153098,19.311262067159
4752,0.0,598.1319028380724,512.503054370113,19.3832358042399
4753,0.0,598.1319028380724,512.503054370113,19.3832358042399
4754,0.0,598.1319028380724,512.503054370113,19.3832358042399
4755,0.0,598.1319028380724,512.503054370113,19.3832358042399
4756,0.0,598.1319028380724,512.503054370113,19.3832358042399
4757,0.0,598.1319028380724,512.503054370113,19.3832358042399
4758,0.0,598.1319028380724,512.503054370113,19.3832358042399
4759,0.0,598.1319028380724,512.503054370113,19.3832358042399
4760,0.0,598.1319028380724,512.503054370113,19.3832358042399
4761,0.0,598.1319028380724,512.503054370113,19.3832358042399
4762,0.0,598.1319028380724,512.503054370113,19.3832358042399
4763,0.0,598.1319028380724,512.503054370113,19.3832358042399
4764,0.0,598.1319028380724,512.503054370113,19.3832358042399
4765,0.0,598.1319028380724,512.503054370113,19.3832358042399
4766,0.0,598.1319028380724,512.503054370113,19.3832358042399
4767,0.0,598.1319028380724,512.503054370113,19.3832358042399
4768,0.0,598.1319028380724,512.503054370113,19.3832358042399
4769,0.0,598.1319028380724,512.503054370113,19.3832358042399
4770,0.0,598.1319028380724,512.503054370113,19.3832358042399
4771,0.0,598.1319028380724,512.503054370113,19.3832358042399
4772,0.0,598.1319028380724,512.503054370113,19.3832358042399
4773,0.0,598.1319028380724,512.503054370113,19.3832358042399
4774,0.0,598.1319028380724,512.503054370113,19.3832358042399
4775,0.0,598.1319028380724,512.503054370113,19.3832358042399
4776,0.0,451.93748825741113,379.37261167841484,19.3832358042399
4777,0.0,451.93748825741113,379.37261167841484,19.3832358042399
4778,0.0,451.93748825741113,379.37261167841484,19.3832358042399
4779,0.0,451.93748825741113,379.37261167841484,19.3832358042399
4780,0.0,451.93748825741113,379.37261167841484,19.3832358042399
4781,0.0,451.93748825741113,379.37261167841484,19.3832358042399
4782,0.0,451.93748825741113,379.37261167841484,19.3832358042399
4783,0.0,451.93748825741113,379.37261167841484,19.3832358042399
4784,0.0,451.93748825741113,379.37261167841484,19.3832358042399
4785,0.0,451.93748825741113,379.37261167841484,19.3832358042399
4786,0.0,451.93748825741113,379.37261167841484,19.3832358042399
4787,0.0,451.93748825741113,379.37261167841484,19.3832358042399
4788,0.0,451.93748825741113,379.37261167841484,19.3832358042399
4789,0.0,451.93748825741113,379.37261167841484,19.3832358042399
4790,0.0,451.93748825741113,379.37261167841484,19.3832358042399
4791,0.0,451.93748825741113,379.37261167841484,19.3832358042399
4792,0.0,451.93748825741113,379.37261167841484,19.3832358042399
4793,0.0,451.93748825741113,379.37261167841484,19.3832358042399
4794,0.0,451.93748825741113,379.37261167841484,19.3832358042399
4795,0.0,451.93748825741113,379.37261167841484,19.3832358042399
4796,0.0,451.93748825741113,379.37261167841484,19.3832358042399
4797,0.0,451.93748825741113,379.37261167841484,19.3832358042399
4798,0.0,451.93748825741113,379.37261167841484,19.3832358042399
4799,0.0,451.93748825741113,379.37261167841484,19.3832358042399
4800,0.0,188.74170119271707,568.168600717433,19.3832358042399
4801,0.0,188.74170119271707,568.168600717433,19.3832358042399
4802,0.0,188.74170119271707,568.168600717433,19.3832358042399
4803,0.0,188.74170119271707,568.168600717433,19.3832358042399
4804,0.0,188.74170119271707,568.168600717433,19.3832358042399
4805,0.0,188.74170119271707,568.168600717433,19.3832358042399
4806,0.0,188.74170119271707,568.168600717433,19.3832358042399
4807,0.0,188.74170119271707,568.168600717433,19.3832358042399
4808,0.0,188.74170119271707,568.168600717433,19.3832358042399
4809,0.0,188.74170119271707,568.168600717433,19.3832358042399
4810,0.0,188.74170119271707,568.168600717433,19.3832358042399
4811,0.0,188.74170119271707,568.168600717433,19.3832358042399
4812,0.0,188.74170119271707,568.168600717433,19.3832358042399
4813,0.0,188.74170119271707,568.168600717433,19.3832358042399
4814,0.0,188.74170119271707,568.168600717433,19.3832358042399
4815,0.0,188.74170119271707,568.168600717433,19.3832358042399
4816,0.0,188.74170119271707,568.168600717433,19.3832358042399
4817,0.0,188.74170119271707,568.168600717433,19.3832358042399
4818,0.0,188.74170119271707,568.168600717433,19.3832358042399
4819,0.0,188.74170119271707,568.168600717433,19.3832358042399
4820,0.0,188.74170119271707,568.168600717433,19.3832358042399
4821,0.0,188.74170119271707,568.168600717433,19.3832358042399
4822,0.0,188.74170119271707,568.168600717433,19.3832358042399
4823,0.0,188.74170119271707,568.168600717433,19.3832358042399
4824,0.0,0.0,585.9050087889105,19.3832358042399
4825,0.0,0.0,585.9050087889105,19.3832358042399
4826,0.0,0.0,585.9050087889105,19.3832358042399
4827,0.0,0.0,585.9050087889105,19.3832358042399
4828,0.0,0.0,585.9050087889105,19.3832358042399
4829,0.0,0.0,585.9050087889105,19.3832358042399
4830,0.0,0.0,585.9050087889105,19.3832358042399
4831,0.0,0.0,585.9050087889105,19.3832358042399
4832,0.0,0.0,585.9050087889105,19.3832358042399
4833,0.0,0.0,585.9050087889105,19.3832358042399
4834,0.0,0.0,585.9050087889105,19.3832358042399
4835,0.0,0.0,585.9050087889105,19.3832358042399
4836,0.0,0.0,585.9050087889105,19.3832358042399
4837,0.0,0.0,585.9050087889105,19.3832358042399
4838,0.0,0.0,585.9050087889105,19.3832358042399
4839,0.0,0.0,585.9050087889105,19.3832358042399
4840,0.0,0.0,585.9050087889105,19.3832358042399
4841,0.0,0.0,585.9050087889105,19.3832358042399
4842,0.0,0.0,585.9050087889105,19.3832358042399
4843,0.0,0.0,585.9050087889105,19.3832358042399
4844,0.0,0.0,585.9050087889105,19.3832358042399
4845,0.0,0.0,585.9050087889105,19.3832358042399
4846,0.0,0.0,585.9050087889105,19.3832358042399
4847,0.0,0.0,585.9050087889105,19.3832358042399
4848,0.0,336.7487325231864,541.1998752220343,19.3832358042399
4849,0.0,336.7487325231864,541.1998752220343,19.3832358042399
4850,0.0,336.7487325231864,541.1998752220343,19.3832358042399
4851,0.0,336.7487325231864,541.1998752220343,19.3832358042399
4852,0.0,336.7487325231864,541.1998752220343,19.3832358042399
4853,0.0,336.7487325231864,541.1998752220343,19.3832358042399
4854,0.0,336.7487325231864,541.1998752220343,19.3832358042399
4855,0.0,336.7487325231864,541.1998752220343,19.3832358042399
4856,0.0,336.7487325231864,541.1998752220343,19.3832358042399
4857,0.0,336.7487325231864,541.1998752220343,19.3832358042399
4858,0.0,336.7487325231864,541.1998752220343,19.3832358042399
4859,0.0,336.7487325231864,541.1998752220343,19.3832358042399
4860,0.0,336.7487325231864,541.1998752220343,19.3832358042399
4861,0.0,336.7487325231864,541.1998752220343,19.3832358042399
4862,0.0,336.7487325231864,541.1998752220343,19.3832358042399
4863,0.0,336.7487325231864,541.1998752220343,19.3832358042399
4864,0.0,336.7487325231864,541.1998752220343,19.3832358042399
4865,0.0,336.7487325231864,541.1998752220343,19.3832358042399
4866,0.0,336.7487325231864,541.1998752220343,19.3832358042399
4867,0.0,336.7487325231864,541.1998752220343,19.3832358042399
4868,0.0,336.7487325231864,541.1998752220343,19.3832358042399
4869,0.0,336.7487325231864,541.1998752220343,19.3832358042399
4870,0.0,336.7487325231864,541.1998752220343,19.3832358042399
4871,0.0,336.7487325231864,541.1998752220343,19.3832358042399
4872,0.0,474.998573990106,628.7576126025474,19.5920962969462
4873,0.0,474.998573990106,628.7576126025474,19.5920962969462
4874,0.0,474.998573990106,628.7576126025474,19.5920962969462
4875,0.0,474.998573990106,628.7576126025474,19.5920962969462
4876,0.0,474.998573990106,628.7576126025474,19.5920962969462
4877,0.0,474.998573990106,628.7576126025474,19.5920962969462
4878,0.0,474.998573990106,628.7576126025474,19.5920962969462
4879,0.0,474.998573990106,628.7576126025474,19.5920962969462
4880,0.0,474.998573990106,628.7576126025474,19.5920962969462
4881,0.0,474.998573990106,628.7576126025474,19.5920962969462
4882,0.0,474.998573990106,628.7576126025474,19.5920962969462
4883,0.0,474.998573990106,628.7576126025474,19.5920962969462
4884,0.0,474.998573990106,628.7576126025474,19.5920962969462
4885,0.0,474.998573990106,628.7576126025474,19.5920962969462
4886,0.0,474.998573990106,628.7576126025474,19.5920962969462
4887,0.0,474.998573990106,628.7576126025474,19.5920962969462
4888,0.0,474.998573990106,628.7576126025474,19.5920962969462
4889,0.0,474.998573990106,628.7576126025474,19.5920962969462
4890,0.0,474.998573990106,628.7576126025474,19.5920962969462
4891,0.0,474.998573990106,628.7576126025474,19.5920962969462
4892,0.0,474.998573990106,628.7576126025474,19.5920962969462
4893,0.0,474.998573990106,628.7576126025474,19.5920962969462
4894,0.0,474.998573990106,628.7576126025474,19.5920962969462
4895,0.0,474.998573990106,628.7576126025474,19.5920962969462
4896,0.0,521.3197171395273,440.33576164993383,19.5920962969462
4897,0.0,521.3197171395273,440.33576164993383,19.5920962969462
4898,0.0,521.3197171395273,440.33576164993383,19.5920962969462
4899,0.0,521.3197171395273,440.33576164993383,19.5920962969462
4900,0.0,521.3197171395273,440.33576164993383,19.5920962969462
4901,0.0,521.3197171395273,440.33576164993383,19.5920962969462
4902,0.0,521.3197171395273,440.33576164993383,19.5920962969462
4903,0.0,521.3197171395273,440.33576164993383,19.5920962969462
4904,0.0,521.3197171395273,440.33576164993383,19.5920962969462
4905,0.0,521.3197171395273,440.33576164993383,19.5920962969462
4906,0.0,521.3197171395273,440.33576164993383,19.5920962969462
4907,0.0,521.3197171395273,440.33576164993383,19.5920962969462
4908,0.0,521.3197171395273,440.33576164993383,19.5920962969462
4909,0.0,521.3197171395273,440.33576164993383,19.5920962969462
4910,0.0,521.3197171395273,440.33576164993383,19.5920962969462
4911,0.0,521.3197171395273,440.33576164993383,19.5920962969462
4912,0.0,521.3197171395273,440.33576164993383,19.5920962969462
4913,0.0,521.3197171395273,440.33576164993383,19.5920962969462
4914,0.0,521.3197171395273,440.33576164993383,19.5920962969462
4915,0.0,521.3197171395273,440.33576164993383,19.5920962969462
4916,0.0,521.3197171395273,440.33576164993383,19.5920962969462
4917,0.0,521.3197171395273,440.33576164993383,19.5920962969462
4918,0.0,521.3197171395273,440.33576164993383,19.5920962969462
4919,0.0,521.3197171395273,440.33576164993383,19.5920962969462
4920,0.0,42.632724964225645,453.4310431742824,19.5920962969462
4921,0.0,42.632724964225645,453.4310431742824,19.5920962969462
4922,0.0,42.632724964225645,453.4310431742824,19.5920962969462
4923,0.0,42.632724964225645,453.4310431742824,19.5920962969462
4924,0.0,42.632724964225645,453.4310431742824,19.5920962969462
4925,0.0,42.632724964225645,453.4310431742824,19.5920962969462
4926,0.0,42.632724964225645,453.4310431742824,19.5920962969462
4927,0.0,42.632724964225645,453.4310431742824,19.5920962969462
4928,0.0,42.632724964225645,453.4310431742824,19.5920962969462
4929,0.0,42.632724964225645,453.4310431742824,19.5920962969462
4930,0.0,42.632724964225645,453.4310431742824,19.5920962969462
4931,0.0,42.632724964225645,453.4310431742824,19.5920962969462
4932,0.0,42.632724964225645,453.4310431742824,19.5920962969462
4933,0.0,42.632724964225645,453.4310431742824,19.5920962969462
4934,0.0,42.632724964225645,453.4310431742824,19.5920962969462
4935,0.0,42.632724964225645,453.4310431742824,19.5920962969462
4936,0.0,42.632724964225645,453.4310431742824,19.5920962969462
4937,0.0,42.632724964225645,453.4310431742824,19.5920962969462
4938,0.0,42.632724964225645,453.4310431742824,19.5920962969462
4939,0.0,42.632724964225645,453.4310431742824,19.5920962969462
4940,0.0,42.632724964225645,453.4310431742824,19.5920962969462
4941,0.0,42.632724964225645,453.4310431742824,19.5920962969462
4942,0.0,42.632724964225645,453.4310431742824,19.5920962969462
4943,0.0,42.632724964225645,453.4310431742824,19.5920962969462
4944,0.0,0.0,511.64208974024007,19.955664285024
4945,0.0,0.0,511.64208974024007,19.955664285024
4946,0.0,0.0,511.64208974024007,19.955664285024
4947,0.0,0.0,511.64208974024007,19.955664285024
4948,0.0,0.0,511.64208974024007,19.955664285024
4949,0.0,0.0,511.64208974024007,19.955664285024
4950,0.0,0.0,511.64208974024007,19.955664285024
4951,0.0,0.0,511.64208974024007,19.955664285024
4952,0.0,0.0,511.64208974024007,19.955664285024
4953,0.0,0.0,511.64208974024007,19.955664285024
4954,0.0,0.0,511.64208974024007,19.955664285024
4955,0.0,0.0,511.64208974024007,19.955664285024
4956,0.0,0.0,511.64208974024007,19.955664285024
4957,0.0,0.0,511.64208974024007,19.955664285024
4958,0.0,0.0,511.64208974024007,19.955664285024
4959,0.0,0.0,511.64208974024007,19.955664285024
4960,0.0,0.0,511.64208974024007,19.955664285024
4961,0.0,0.0,511.64208974024007,19.955664285024
4962,0.0,0.0,511.64208974024007,19.955664285024
4963,0.0,0.0,511.64208974024007,19.955664285024
4964,0.0,0.0,511.64208974024007,19.955664285024
4965,0.0,0.0,511.64208974024007,19.955664285024
4966,0.0,0.0,511.64208974024007,19.955664285024
4967,0.0,0.0,511.64208974024007,19.955664285024
4968,0.0,393.24310906949836,560.5346481661944,18.8274033546447
4969,0.0,393.24310906949836,560.5346481661944,18.8274033546447
4970,0.0,393.24310906949836,560.5346481661944,18.8274033546447
4971,0.0,393.24310906949836,560.5346481661944,18.8274033546447
4972,0.0,393.24310906949836,560.5346481661944,18.8274033546447
4973,0.0,393.24310906949836,560.5346481661944,18.8274033546447
4974,0.0,393.24310906949836,560.5346481661944,18.8274033546447
4975,0.0,393.24310906949836,560.5346481661944,18.8274033546447
4976,0.0,393.24310906949836,560.5346481661944,18.8274033546447
4977,0.0,393.24310906949836,560.5346481661944,18.8274033546447
4978,0.0,393.24310906949836,560.5346481661944,18.8274033546447
4979,0.0,393.24310906949836,560.5346481661944,18.8274033546447
4980,0.0,393.24310906949836,560.5346481661944,18.8274033546447
4981,0.0,393.24310906949836,560.5346481661944,18.8274033546447
4982,0.0,393.24310906949836,560.5346481661944,18.8274033546447
4983,0.0,393.24310906949836,560.5346481661944,18.8274033546447
4984,0.0,393.24310906949836,560.5346481661944,18.8274033546447
4985,0.0,393.24310906949836,560.5346481661944,18.8274033546447
4986,0.0,393.24310906949836,560.5346481661944,18.8274033546447
4987,0.0,393.24310906949836,560.5346481661944,18.8274033546447
4988,0.0,393.24310906949836,560.5346481661944,18.8274033546447
4989,0.0,393.24310906949836,560.5346481661944,18.8274033546447
4990,0.0,393.24310906949836,560.5346481661944,18.8274033546447
4991,0.0,393.24310906949836,560.5346481661944,18.8274033546447
4992,0.0,957.753469657044,519.2836255999254,16.5940700213114
4993,0.0,957.753469657044,519.2836255999254,16.5940700213114
4994,0.0,957.753469657044,519.2836255999254,16.5940700213114
4995,0.0,957.753469657044,519.2836255999254,16.5940700213114
4996,0.0,957.753469657044,519.2836255999254,16.5940700213114
4997,0.0,957.753469657044,519.2836255999254,16.5940700213114
4998,0.0,957.753469657044,519.2836255999254,16.5940700213114
4999,0.0,957.753469657044,519.2836255999254,16.5940700213114
5000,0.0,957.753469657044,519.2836255999254,16.5940700213114
5001,0.0,957.753469657044,519.2836255999254,16.5940700213114
5002,0.0,957.753469657044,519.2836255999254,16.5940700213114
5003,0.0,957.753469657044,519.2836255999254,16.5940700213114
5004,0.0,957.753469657044,519.2836255999254,16.5940700213114
5005,0.0,957.753469657044,519.2836255999254,16.5940700213114
5006,0.0,957.753469657044,519.2836255999254,16.5940700213114
5007,0.0,957.753469657044,519.2836255999254,16.5940700213114
5008,0.0,957.753469657044,519.2836255999254,16.5940700213114
5009,0.0,957.753469657044,519.2836255999254,16.5940700213114
5010,0.0,957.753469657044,519.2836255999254,16.5940700213114
5011,0.0,957.753469657044,519.2836255999254,16.5940700213114
5012,0.0,957.753469657044,519.2836255999254,16.5940700213114
5013,0.0,957.753469657044,519.2836255999254,16.5940700213114
5014,0.0,957.753469657044,519.2836255999254,16.5940700213114
5015,0.0,957.753469657044,519.2836255999254,16.5940700213114
5016,0.0,654.7719628754439,517.6389750631491,14.6274033546447
5017,0.0,654.7719628754439,517.6389750631491,14.6274033546447
5018,0.0,654.7719628754439,517.6389750631491,14.6274033546447
5019,0.0,654.7719628754439,517.6389750631491,14.6274033546447
5020,0.0,654.7719628754439,517.6389750631491,14.6274033546447
5021,0.0,654.7719628754439,517.6389750631491,14.6274033546447
5022,0.0,654.7719628754439,517.6389750631491,14.6274033546447
5023,0.0,654.7719628754439,517.6389750631491,14.6274033546447
5024,0.0,654.7719628754439,517.6389750631491,14.6274033546447
5025,0.0,654.7719628754439,517.6389750631491,14.6274033546447
5026,0.0,654.7719628754439,517.6389750631491,14.6274033546447
5027,0.0,654.7719628754439,517.6389750631491,14.6274033546447
5028,0.0,654.7719628754439,517.6389750631491,14.6274033546447
5029,0.0,654.7719628754439,517.6389750631491,14.6274033546447
5030,0.0,654.7719628754439,517.6389750631491,14.6274033546447
5031,0.0,654.7719628754439,517.6389750631491,14.6274033546447
5032,0.0,654.7719628754439,517.6389750631491,14.6274033546447
5033,0.0,654.7719628754439,517.6389750631491,14.6274033546447
5034,0.0,654.7719628754439,517.6389750631491,14.6274033546447
5035,0.0,654.7719628754439,517.6389750631491,14.6274033546447
5036,0.0,654.7719628754439,517.6389750631491,14.6274033546447
5037,0.0,654.7719628754439,517.6389750631491,14.6274033546447
5038,0.0,654.7719628754439,517.6389750631491,14.6274033546447
5039,0.0,654.7719628754439,517.6389750631491,14.6274033546447
5040,0.0,657.2743821015704,667.5571303967926,13.4940700213114
5041,0.0,657.2743821015704,667.5571303967926,13.4940700213114
5042,0.0,657.2743821015704,667.5571303967926,13.4940700213114
5043,0.0,657.2743821015704,667.5571303967926,13.4940700213114
5044,0.0,657.2743821015704,667.5571303967926,13.4940700213114
5045,0.0,657.2743821015704,667.5571303967926,13.4940700213114
5046,0.0,657.2743821015704,667.5571303967926,13.4940700213114
5047,0.0,657.2743821015704,667.5571303967926,13.4940700213114
5048,0.0,657.2743821015704,667.5571303967926,13.4940700213114
5049,0.0,657.2743821015704,667.5571303967926,13.4940700213114
5050,0.0,657.2743821015704,667.5571303967926,13.4940700213114
5051,0.0,657.2743821015704,667.5571303967926,13.4940700213114
5052,0.0,657.2743821015704,667.5571303967926,13.4940700213114
5053,0.0,657.2743821015704,667.5571303967926,13.4940700213114
5054,0.0,657.2743821015704,667.5571303967926,13.4940700213114
5055,0.0,657.2743821015704,667.5571303967926,13.4940700213114
5056,0.0,657.2743821015704,667.5571303967926,13.4940700213114
5057,0.0,657.2743821015704,667.5571303967926,13.4940700213114
5058,0.0,657.2743821015704,667.5571303967926,13.4940700213114
5059,0.0,657.2743821015704,667.5571303967926,13.4940700213114
5060,0.0,657.2743821015704,667.5571303967926,13.4940700213114
5061,0.0,657.2743821015704,667.5571303967926,13.4940700213114
5062,0.0,657.2743821015704,667.5571303967926,13.4940700213114
5063,0.0,657.2743821015704,667.5571303967926,13.4940700213114
5064,0.0,802.3124343630511,457.40646701042056,11.7013618151346
5065,0.0,802.3124343630511,457.40646701042056,11.7013618151346
5066,0.0,802.3124343630511,457.40646701042056,11.7013618151346
5067,0.0,802.3124343630511,457.40646701042056,11.7013618151346
5068,0.0,802.3124343630511,457.40646701042056,11.7013618151346
5069,0.0,802.3124343630511,457.40646701042056,11.7013618151346
5070,0.0,802.3124343630511,457.40646701042056,11.7013618151346
5071,0.0,802.3124343630511,457.40646701042056,11.7013618151346
5072,0.0,802.3124343630511,457.40646701042056,11.7013618151346
5073,0.0,802.3124343630511,457.40646701042056,11.7013618151346
5074,0.0,802.3124343630511,457.40646701042056,11.7013618151346
5075,0.0,802.3124343630511,457.40646701042056,11.7013618151346
5076,0.0,802.3124343630511,457.40646701042056,11.7013618151346
5077,0.0,802.3124343630511,457.40646701042056,11.7013618151346
5078,0.0,802.3124343630511,457.40646701042056,11.7013618151346
5079,0.0,802.3124343630511,457.40646701042056,11.7013618151346
5080,0.0,802.3124343630511,457.40646701042056,11.7013618151346
5081,0.0,802.3124343630511,457.40646701042056,11.7013618151346
5082,0.0,802.3124343630511,457.40646701042056,11.7013618151346
5083,0.0,802.3124343630511,457.40646701042056,11.7013618151346
5084,0.0,802.3124343630511,457.40646701042056,11.7013618151346
5085,0.0,802.3124343630511,457.40646701042056,11.7013618151346
5086,0.0,802.3124343630511,457.40646701042056,11.7013618151346
5087,0.0,802.3124343630511,457.40646701042056,11.7013618151346
5088,0.0,950.9430602413393,0.0,10.7680284818013
5089,0.0,950.9430602413393,0.0,10.7680284818013
5090,0.0,950.9430602413393,0.0,10.7680284818013
5091,0.0,950.9430602413393,0.0,10.7680284818013
5092,0.0,950.9430602413393,0.0,10.7680284818013
5093,0.0,950.9430602413393,0.0,10.7680284818013
5094,0.0,950.9430602413393,0.0,10.7680284818013
5095,0.0,950.9430602413393,0.0,10.7680284818013
5096,0.0,950.9430602413393,0.0,10.7680284818013
5097,0.0,950.9430602413393,0.0,10.7680284818013
5098,0.0,950.9430602413393,0.0,10.7680284818013
5099,0.0,950.9430602413393,0.0,10.7680284818013
5100,0.0,950.9430602413393,0.0,10.7680284818013
5101,0.0,950.9430602413393,0.0,10.7680284818013
5102,0.0,950.9430602413393,0.0,10.7680284818013
5103,0.0,950.9430602413393,0.0,10.7680284818013
5104,0.0,950.9430602413393,0.0,10.7680284818013
5105,0.0,950.9430602413393,0.0,10.7680284818013
5106,0.0,950.9430602413393,0.0,10.7680284818013
5107,0.0,950.9430602413393,0.0,10.7680284818013
5108,0.0,950.9430602413393,0.0,10.7680284818013
5109,0.0,950.9430602413393,0.0,10.7680284818013
5110,0.0,950.9430602413393,0.0,10.7680284818013
5111,0.0,950.9430602413393,0.0,10.7680284818013
5112,0.0,1233.3621632396616,0.0,12.2177231788635
5113,0.0,1233.3621632396616,0.0,12.2177231788635
5114,0.0,1233.3621632396616,0.0,12.2177231788635
5115,0.0,1233.3621632396616,0.0,12.2177231788635
5116,0.0,1233.3621632396616,0.0,12.2177231788635
5117,0.0,1233.3621632396616,0.0,12.2177231788635
5118,0.0,1233.3621632396616,0.0,12.2177231788635
5119,0.0,1233.3621632396616,0.0,12.2177231788635
5120,0.0,1233.3621632396616,0.0,12.2177231788635
5121,0.0,1233.3621632396616,0.0,12.2177231788635
5122,0.0,1233.3621632396616,0.0,12.2177231788635
5123,0.0,1233.3621632396616,0.0,12.2177231788635
5124,0.0,1233.3621632396616,0.0,12.2177231788635
5125,0.0,1233.3621632396616,0.0,12.2177231788635
5126,0.0,1233.3621632396616,0.0,12.2177231788635
5127,0.0,1233.3621632396616,0.0,12.2177231788635
5128,0.0,1233.3621632396616,0.0,12.2177231788635
5129,0.0,1233.3621632396616,0.0,12.2177231788635
5130,0.0,1233.3621632396616,0.0,12.2177231788635
5131,0.0,1233.3621632396616,0.0,12.2177231788635
5132,0.0,1233.3621632396616,0.0,12.2177231788635
5133,0.0,1233.3621632396616,0.0,12.2177231788635
5134,0.0,1233.3621632396616,0.0,12.2177231788635
5135,0.0,1233.3621632396616,0.0,12.2177231788635
5136,0.0,1219.2056509239826,0.0,12.7843898455301
5137,0.0,1219.2056509239826,0.0,12.7843898455301
5138,0.0,1219.2056509239826,0.0,12.7843898455301
5139,0.0,1219.2056509239826,0.0,12.7843898455301
5140,0.0,1219.2056509239826,0.0,12.7843898455301
5141,0.0,1219.2056509239826,0.0,12.7843898455301
5142,0.0,1219.2056509239826,0.0,12.7843898455301
5143,0.0,1219.2056509239826,0.0,12.7843898455301
5144,0.0,1219.2056509239826,0.0,12.7843898455301
5145,0.0,1219.2056509239826,0.0,12.7843898455301
5146,0.0,1219.2056509239826,0.0,12.7843898455301
5147,0.0,1219.2056509239826,0.0,12.7843898455301
5148,0.0,1219.2056509239826,0.0,12.7843898455301
5149,0.0,1219.2056509239826,0.0,12.7843898455301
5150,0.0,1219.2056509239826,0.0,12.7843898455301
5151,0.0,1219.2056509239826,0.0,12.7843898455301
5152,0.0,1219.2056509239826,0.0,12.7843898455301
5153,0.0,1219.2056509239826,0.0,12.7843898455301
5154,0.0,1219.2056509239826,0.0,12.7843898455301
5155,0.0,1219.2056509239826,0.0,12.7843898455301
5156,0.0,1219.2056509239826,0.0,12.7843898455301
5157,0.0,1219.2056509239826,0.0,12.7843898455301
5158,0.0,1219.2056509239826,0.0,12.7843898455301
5159,0.0,1219.2056509239826,0.0,12.7843898455301
5160,0.0,958.4302118578812,0.0,12.4501114845275
5161,0.0,958.4302118578812,0.0,12.4501114845275
5162,0.0,958.4302118578812,0.0,12.4501114845275
5163,0.0,958.4302118578812,0.0,12.4501114845275
5164,0.0,958.4302118578812,0.0,12.4501114845275
5165,0.0,958.4302118578812,0.0,12.4501114845275
5166,0.0,958.4302118578812,0.0,12.4501114845275
5167,0.0,958.4302118578812,0.0,12.4501114845275
5168,0.0,958.4302118578812,0.0,12.4501114845275
5169,0.0,958.4302118578812,0.0,12.4501114845275
5170,0.0,958.4302118578812,0.0,12.4501114845275
5171,0.0,958.4302118578812,0.0,12.4501114845275
5172,0.0,958.4302118578812,0.0,12.4501114845275
5173,0.0,958.4302118578812,0.0,12.4501114845275
5174,0.0,958.4302118578812,0.0,12.4501114845275
5175,0.0,958.4302118578812,0.0,12.4501114845275
5176,0.0,958.4302118578812,0.0,12.4501114845275
5177,0.0,958.4302118578812,0.0,12.4501114845275
5178,0.0,958.4302118578812,0.0,12.4501114845275
5179,0.0,958.4302118578812,0.0,12.4501114845275
5180,0.0,958.4302118578812,0.0,12.4501114845275
5181,0.0,958.4302118578812,0.0,12.4501114845275
5182,0.0,958.4302118578812,0.0,12.4501114845275
5183,0.0,958.4302118578812,0.0,12.4501114845275
5184,0.0,1063.8298895865807,0.0,13.6137743314107
5185,0.0,1063.8298895865807,0.0,13.6137743314107
5186,0.0,1063.8298895865807,0.0,13.6137743314107
5187,0.0,1063.8298895865807,0.0,13.6137743314107
5188,0.0,1063.8298895865807,0.0,13.6137743314107
5189,0.0,1063.8298895865807,0.0,13.6137743314107
5190,0.0,1063.8298895865807,0.0,13.6137743314107
5191,0.0,1063.8298895865807,0.0,13.6137743314107
5192,0.0,1063.8298895865807,0.0,13.6137743314107
5193,0.0,1063.8298895865807,0.0,13.6137743314107
5194,0.0,1063.8298895865807,0.0,13.6137743314107
5195,0.0,1063.8298895865807,0.0,13.6137743314107
5196,0.0,1063.8298895865807,0.0,13.6137743314107
5197,0.0,1063.8298895865807,0.0,13.6137743314107
5198,0.0,1063.8298895865807,0.0,13.6137743314107
5199,0.0,1063.8298895865807,0.0,13.6137743314107
5200,0.0,1063.8298895865807,0.0,13.6137743314107
5201,0.0,1063.8298895865807,0.0,13.6137743314107
5202,0.0,1063.8298895865807,0.0,13.6137743314107
5203,0.0,1063.8298895865807,0.0,13.6137743314107
5204,0.0,1063.8298895865807,0.0,13.6137743314107
5205,0.0,1063.8298895865807,0.0,13.6137743314107
5206,0.0,1063.8298895865807,0.0,13.6137743314107
5207,0.0,1063.8298895865807,0.0,13.6137743314107
5208,0.0,1158.1941996441833,18.654732679435483,13.6137743314107
5209,0.0,1158.1941996441833,18.654732679435483,13.6137743314107
5210,0.0,1158.1941996441833,18.654732679435483,13.6137743314107
5211,0.0,1158.1941996441833,18.654732679435483,13.6137743314107
5212,0.0,1158.1941996441833,18.654732679435483,13.6137743314107
5213,0.0,1158.1941996441833,18.654732679435483,13.6137743314107
5214,0.0,1158.1941996441833,18.654732679435483,13.6137743314107
5215,0.0,1158.1941996441833,18.654732679435483,13.6137743314107
5216,0.0,1158.1941996441833,18.654732679435483,13.6137743314107
5217,0.0,1158.1941996441833,18.654732679435483,13.6137743314107
5218,0.0,1158.1941996441833,18.654732679435483,13.6137743314107
5219,0.0,1158.1941996441833,18.654732679435483,13.6137743314107
5220,0.0,1158.1941996441833,18.654732679435483,13.6137743314107
5221,0.0,1158.1941996441833,18.654732679435483,13.6137743314107
5222,0.0,1158.1941996441833,18.654732679435483,13.6137743314107
5223,0.0,1158.1941996441833,18.654732679435483,13.6137743314107
5224,0.0,1158.1941996441833,18.654732679435483,13.6137743314107
5225,0.0,1158.1941996441833,18.654732679435483,13.6137743314107
5226,0.0,1158.1941996441833,18.654732679435483,13.6137743314107
5227,0.0,1158.1941996441833,18.654732679435483,13.6137743314107
5228,0.0,1158.1941996441833,18.654732679435483,13.6137743314107
5229,0.0,1158.1941996441833,18.654732679435483,13.6137743314107
5230,0.0,1158.1941996441833,18.654732679435483,13.6137743314107
5231,0.0,1158.1941996441833,18.654732679435483,13.6137743314107
5232,0.0,1253.9991955454932,217.81972397682534,12.7319404284159
5233,0.0,1253.9991955454932,217.81972397682534,12.7319404284159
5234,0.0,1253.9991955454932,217.81972397682534,12.7319404284159
5235,0.0,1253.9991955454932,217.81972397682534,12.7319404284159
5236,0.0,1253.9991955454932,217.81972397682534,12.7319404284159
5237,0.0,1253.9991955454932,217.81972397682534,12.7319404284159
5238,0.0,1253.9991955454932,217.81972397682534,12.7319404284159
5239,0.0,1253.9991955454932,217.81972397682534,12.7319404284159
5240,0.0,1253.9991955454932,217.81972397682534,12.7319404284159
5241,0.0,1253.9991955454932,217.81972397682534,12.7319404284159
5242,0.0,1253.9991955454932,217.81972397682534,12.7319404284159
5243,0.0,1253.9991955454932,217.81972397682534,12.7319404284159
5244,0.0,1253.9991955454932,217.81972397682534,12.7319404284159
5245,0.0,1253.9991955454932,217.81972397682534,12.7319404284159
5246,0.0,1253.9991955454932,217.81972397682534,12.7319404284159
5247,0.0,1253.9991955454932,217.81972397682534,12.7319404284159
5248,0.0,1253.9991955454932,217.81972397682534,12.7319404284159
5249,0.0,1253.9991955454932,217.81972397682534,12.7319404284159
5250,0.0,1253.9991955454932,217.81972397682534,12.7319404284159
5251,0.0,1253.9991955454932,217.81972397682534,12.7319404284159
5252,0.0,1253.9991955454932,217.81972397682534,12.7319404284159
5253,0.0,1253.9991955454932,217.81972397682534,12.7319404284159
5254,0.0,1253.9991955454932,217.81972397682534,12.7319404284159
5255,0.0,1253.9991955454932,217.81972397682534,12.7319404284159
5256,0.0,1559.7346128594938,0.0,10.6114711443583
5257,0.0,1559.7346128594938,0.0,10.6114711443583
5258,0.0,1559.7346128594938,0.0,10.6114711443583
5259,0.0,1559.7346128594938,0.0,10.6114711443583
5260,0.0,1559.7346128594938,0.0,10.6114711443583
5261,0.0,1559.7346128594938,0.0,10.6114711443583
5262,0.0,1559.7346128594938,0.0,10.6114711443583
5263,0.0,1559.7346128594938,0.0,10.6114711443583
5264,0.0,1559.7346128594938,0.0,10.6114711443583
5265,0.0,1559.7346128594938,0.0,10.6114711443583
5266,0.0,1559.7346128594938,0.0,10.6114711443583
5267,0.0,1559.7346128594938,0.0,10.6114711443583
5268,0.0,1559.7346128594938,0.0,10.6114711443583
5269,0.0,1559.7346128594938,0.0,10.6114711443583
5270,0.0,1559.7346128594938,0.0,10.6114711443583
5271,0.0,1559.7346128594938,0.0,10.6114711443583
5272,0.0,1559.7346128594938,0.0,10.6114711443583
5273,0.0,1559.7346128594938,0.0,10.6114711443583
5274,0.0,1559.7346128594938,0.0,10.6114711443583
5275,0.0,1559.7346128594938,0.0,10.6114711443583
5276,0.0,1559.7346128594938,0.0,10.6114711443583
5277,0.0,1559.7346128594938,0.0,10.6114711443583
5278,0.0,1559.7346128594938,0.0,10.6114711443583
5279,0.0,1559.7346128594938,0.0,10.6114711443583
5280,0.0,1607.0106480731272,437.1443260721568,9.49620904922485
5281,0.0,1607.0106480731272,437.1443260721568,9.49620904922485
5282,0.0,1607.0106480731272,437.1443260721568,9.49620904922485
5283,0.0,1607.0106480731272,437.1443260721568,9.49620904922485
5284,0.0,1607.0106480731272,437.1443260721568,9.49620904922485
5285,0.0,1607.0106480731272,437.1443260721568,9.49620904922485
5286,0.0,1607.0106480731272,437.1443260721568,9.49620904922485
5287,0.0,1607.0106480731272,437.1443260721568,9.49620904922485
5288,0.0,1607.0106480731272,437.1443260721568,9.49620904922485
5289,0.0,1607.0106480731272,437.1443260721568,9.49620904922485
5290,0.0,1607.0106480731272,437.1443260721568,9.49620904922485
5291,0.0,1607.0106480731272,437.1443260721568,9.49620904922485
5292,0.0,1607.0106480731272,437.1443260721568,9.49620904922485
5293,0.0,1607.0106480731272,437.1443260721568,9.49620904922485
5294,0.0,1607.0106480731272,437.1443260721568,9.49620904922485
5295,0.0,1607.0106480731272,437.1443260721568,9.49620904922485
5296,0.0,1607.0106480731272,437.1443260721568,9.49620904922485
5297,0.0,1607.0106480731272,437.1443260721568,9.49620904922485
5298,0.0,1607.0106480731272,437.1443260721568,9.49620904922485
5299,0.0,1607.0106480731272,437.1443260721568,9.49620904922485
5300,0.0,1607.0106480731272,437.1443260721568,9.49620904922485
5301,0.0,1607.0106480731272,437.1443260721568,9.49620904922485
5302,0.0,1607.0106480731272,437.1443260721568,9.49620904922485
5303,0.0,1607.0106480731272,437.1443260721568,9.49620904922485
5304,0.0,1463.3766364959583,448.33646251167556,9.12954238255818
5305,0.0,1463.3766364959583,448.33646251167556,9.12954238255818
5306,0.0,1463.3766364959583,448.33646251167556,9.12954238255818
5307,0.0,1463.3766364959583,448.33646251167556,9.12954238255818
5308,0.0,1463.3766364959583,448.33646251167556,9.12954238255818
5309,0.0,1463.3766364959583,448.33646251167556,9.12954238255818
5310,0.0,1463.3766364959583,448.33646251167556,9.12954238255818
5311,0.0,1463.3766364959583,448.33646251167556,9.12954238255818
5312,0.0,1463.3766364959583,448.33646251167556,9.12954238255818
5313,0.0,1463.3766364959583,448.33646251167556,9.12954238255818
5314,0.0,1463.3766364959583,448.33646251167556,9.12954238255818
5315,0.0,1463.3766364959583,448.33646251167556,9.12954238255818
5316,0.0,1463.3766364959583,448.33646251167556,9.12954238255818
5317,0.0,1463.3766364959583,448.33646251167556,9.12954238255818
5318,0.0,1463.3766364959583,448.33646251167556,9.12954238255818
5319,0.0,1463.3766364959583,448.33646251167556,9.12954238255818
5320,0.0,1463.3766364959583,448.33646251167556,9.12954238255818
5321,0.0,1463.3766364959583,448.33646251167556,9.12954238255818
5322,0.0,1463.3766364959583,448.33646251167556,9.12954238255818
5323,0.0,1463.3766364959583,448.33646251167556,9.12954238255818
5324,0.0,1463.3766364959583,448.33646251167556,9.12954238255818
5325,0.0,1463.3766364959583,448.33646251167556,9.12954238255818
5326,0.0,1463.3766364959583,448.33646251167556,9.12954238255818
5327,0.0,1463.3766364959583,448.33646251167556,9.12954238255818
5328,0.0,1176.9270006542122,252.1949671208996,9.22652883529663
5329,0.0,1176.9270006542122,252.1949671208996,9.22652883529663
5330,0.0,1176.9270006542122,252.1949671208996,9.22652883529663
5331,0.0,1176.9270006542122,252.1949671208996,9.22652883529663
5332,0.0,1176.9270006542122,252.1949671208996,9.22652883529663
5333,0.0,1176.9270006542122,252.1949671208996,9.22652883529663
5334,0.0,1176.9270006542122,252.1949671208996,9.22652883529663
5335,0.0,1176.9270006542122,252.1949671208996,9.22652883529663
5336,0.0,1176.9270006542122,252.1949671208996,9.22652883529663
5337,0.0,1176.9270006542122,252.1949671208996,9.22652883529663
5338,0.0,1176.9270006542122,252.1949671208996,9.22652883529663
5339,0.0,1176.9270006542122,252.1949671208996,9.22652883529663
5340,0.0,1176.9270006542122,252.1949671208996,9.22652883529663
5341,0.0,1176.9270006542122,252.1949671208996,9.22652883529663
5342,0.0,1176.9270006542122,252.1949671208996,9.22652883529663
5343,0.0,1176.9270006542122,252.1949671208996,9.22652883529663
5344,0.0,1176.9270006542122,252.1949671208996,9.22652883529663
5345,0.0,1176.9270006542122,252.1949671208996,9.22652883529663
5346,0.0,1176.9270006542122,252.1949671208996,9.22652883529663
5347,0.0,1176.9270006542122,252.1949671208996,9.22652883529663
5348,0.0,1176.9270006542122,252.1949671208996,9.22652883529663
5349,0.0,1176.9270006542122,252.1949671208996,9.22652883529663
5350,0.0,1176.9270006542122,252.1949671208996,9.22652883529663
5351,0.0,1176.9270006542122,252.1949671208996,9.22652883529663
5352,0.0,1151.0650590820553,92.18195176863856,9.22652883529663
5353,0.0,1151.0650590820553,92.18195176863856,9.22652883529663
5354,0.0,1151.0650590820553,92.18195176863856,9.22652883529663
5355,0.0,1151.0650590820553,92.18195176863856,9.22652883529663
5356,0.0,1151.0650590820553,92.18195176863856,9.22652883529663
5357,0.0,1151.0650590820553,92.18195176863856,9.22652883529663
5358,0.0,1151.0650590820553,92.18195176863856,9.22652883529663
5359,0.0,1151.0650590820553,92.18195176863856,9.22652883529663
5360,0.0,1151.0650590820553,92.18195176863856,9.22652883529663
5361,0.0,1151.0650590820553,92.18195176863856,9.22652883529663
5362,0.0,1151.0650590820553,92.18195176863856,9.22652883529663
5363,0.0,1151.0650590820553,92.18195176863856,9.22652883529663
5364,0.0,1151.0650590820553,92.18195176863856,9.22652883529663
5365,0.0,1151.0650590820553,92.18195176863856,9.22652883529663
5366,0.0,1151.0650590820553,92.18195176863856,9.22652883529663
5367,0.0,1151.0650590820553,92.18195176863856,9.22652883529663
5368,0.0,1151.0650590820553,92.18195176863856,9.22652883529663
5369,0.0,1151.0650590820553,92.18195176863856,9.22652883529663
5370,0.0,1151.0650590820553,92.18195176863856,9.22652883529663
5371,0.0,1151.0650590820553,92.18195176863856,9.22652883529663
5372,0.0,1151.0650590820553,92.18195176863856,9.22652883529663
5373,0.0,1151.0650590820553,92.18195176863856,9.22652883529663
5374,0.0,1151.0650590820553,92.18195176863856,9.22652883529663
5375,0.0,1151.0650590820553,92.18195176863856,9.22652883529663
5376,0.0,1015.5146965374915,169.69374108890952,8.16949243545532
5377,0.0,1015.5146965374915,169.69374108890952,8.16949243545532
5378,0.0,1015.5146965374915,169.69374108890952,8.16949243545532
5379,0.0,1015.5146965374915,169.69374108890952,8.16949243545532
5380,0.0,1015.5146965374915,169.69374108890952,8.16949243545532
5381,0.0,1015.5146965374915,169.69374108890952,8.16949243545532
5382,0.0,1015.5146965374915,169.69374108890952,8.16949243545532
5383,0.0,1015.5146965374915,169.69374108890952,8.16949243545532
5384,0.0,1015.5146965374915,169.69374108890952,8.16949243545532
5385,0.0,1015.5146965374915,169.69374108890952,8.16949243545532
5386,0.0,1015.5146965374915,169.69374108890952,8.16949243545532
5387,0.0,1015.5146965374915,169.69374108890952,8.16949243545532
5388,0.0,1015.5146965374915,169.69374108890952,8.16949243545532
5389,0.0,1015.5146965374915,169.69374108890952,8.16949243545532
5390,0.0,1015.5146965374915,169.69374108890952,8.16949243545532
5391,0.0,1015.5146965374915,169.69374108890952,8.16949243545532
5392,0.0,1015.5146965374915,169.69374108890952,8.16949243545532
5393,0.0,1015.5146965374915,169.69374108890952,8.16949243545532
5394,0.0,1015.5146965374915,169.69374108890952,8.16949243545532
5395,0.0,1015.5146965374915,169.69374108890952,8.16949243545532
5396,0.0,1015.5146965374915,169.69374108890952,8.16949243545532
5397,0.0,1015.5146965374915,169.69374108890952,8.16949243545532
5398,0.0,1015.5146965374915,169.69374108890952,8.16949243545532
5399,0.0,1015.5146965374915,169.69374108890952,8.16949243545532
5400,0.0,1228.6500304884817,186.8549106162999,8.16949243545532
5401,0.0,1228.6500304884817,186.8549106162999,8.16949243545532
5402,0.0,1228.6500304884817,186.8549106162999,8.16949243545532
5403,0.0,1228.6500304884817,186.8549106162999,8.16949243545532
5404,0.0,1228.6500304884817,186.8549106162999,8.16949243545532
5405,0.0,1228.6500304884817,186.8549106162999,8.16949243545532
5406,0.0,1228.6500304884817,186.8549106162999,8.16949243545532
5407,0.0,1228.6500304884817,186.8549106162999,8.16949243545532
5408,0.0,1228.6500304884817,186.8549106162999,8.16949243545532
5409,0.0,1228.6500304884817,186.8549106162999,8.16949243545532
5410,0.0,1228.6500304884817,186.8549106162999,8.16949243545532
5411,0.0,1228.6500304884817,186.8549106162999,8.16949243545532
5412,0.0,1228.6500304884817,186.8549106162999,8.16949243545532
5413,0.0,1228.6500304884817,186.8549106162999,8.16949243545532
5414,0.0,1228.6500304884817,186.8549106162999,8.16949243545532
5415,0.0,1228.6500304884817,186.8549106162999,8.16949243545532
5416,0.0,1228.6500304884817,186.8549106162999,8.16949243545532
5417,0.0,1228.6500304884817,186.8549106162999,8.16949243545532
5418,0.0,1228.6500304884817,186.8549106162999,8.16949243545532
5419,0.0,1228.6500304884817,186.8549106162999,8.16949243545532
5420,0.0,1228.6500304884817,186.8549106162999,8.16949243545532
5421,0.0,1228.6500304884817,186.8549106162999,8.16949243545532
5422,0.0,1228.6500304884817,186.8549106162999,8.16949243545532
5423,0.0,1228.6500304884817,186.8549106162999,8.16949243545532
5424,0.0,1377.9340150305409,0.0,8.13313595453898
5425,0.0,1377.9340150305409,0.0,8.13313595453898
5426,0.0,1377.9340150305409,0.0,8.13313595453898
5427,0.0,1377.9340150305409,0.0,8.13313595453898
5428,0.0,1377.9340150305409,0.0,8.13313595453898
5429,0.0,1377.9340150305409,0.0,8.13313595453898
5430,0.0,1377.9340150305409,0.0,8.13313595453898
5431,0.0,1377.9340150305409,0.0,8.13313595453898
5432,0.0,1377.9340150305409,0.0,8.13313595453898
5433,0.0,1377.9340150305409,0.0,8.13313595453898
5434,0.0,1377.9340150305409,0.0,8.13313595453898
5435,0.0,1377.9340150305409,0.0,8.13313595453898
5436,0.0,1377.9340150305409,0.0,8.13313595453898
5437,0.0,1377.9340150305409,0.0,8.13313595453898
5438,0.0,1377.9340150305409,0.0,8.13313595453898
5439,0.0,1377.9340150305409,0.0,8.13313595453898
5440,0.0,1377.9340150305409,0.0,8.13313595453898
5441,0.0,1377.9340150305409,0.0,8.13313595453898
5442,0.0,1377.9340150305409,0.0,8.13313595453898
5443,0.0,1377.9340150305409,0.0,8.13313595453898
5444,0.0,1377.9340150305409,0.0,8.13313595453898
5445,0.0,1377.9340150305409,0.0,8.13313595453898
5446,0.0,1377.9340150305409,0.0,8.13313595453898
5447,0.0,1377.9340150305409,0.0,8.13313595453898
5448,0.0,1033.570253114971,0.0,8.13313595453898
5449,0.0,1033.570253114971,0.0,8.13313595453898
5450,0.0,1033.570253114971,0.0,8.13313595453898
5451,0.0,1033.570253114971,0.0,8.13313595453898
5452,0.0,1033.570253114971,0.0,8.13313595453898
5453,0.0,1033.570253114971,0.0,8.13313595453898
5454,0.0,1033.570253114971,0.0,8.13313595453898
5455,0.0,1033.570253114971,0.0,8.13313595453898
5456,0.0,1033.570253114971,0.0,8.13313595453898
5457,0.0,1033.570253114971,0.0,8.13313595453898
5458,0.0,1033.570253114971,0.0,8.13313595453898
5459,0.0,1033.570253114971,0.0,8.13313595453898
5460,0.0,1033.570253114971,0.0,8.13313595453898
5461,0.0,1033.570253114971,0.0,8.13313595453898
5462,0.0,1033.570253114971,0.0,8.13313595453898
5463,0.0,1033.570253114971,0.0,8.13313595453898
5464,0.0,1033.570253114971,0.0,8.13313595453898
5465,0.0,1033.570253114971,0.0,8.13313595453898
5466,0.0,1033.570253114971,0.0,8.13313595453898
5467,0.0,1033.570253114971,0.0,8.13313595453898
5468,0.0,1033.570253114971,0.0,8.13313595453898
5469,0.0,1033.570253114971,0.0,8.13313595453898
5470,0.0,1033.570253114971,0.0,8.13313595453898
5471,0.0,1033.570253114971,0.0,8.13313595453898
5472,0.0,1181.8209955035554,0.0,7.79099200566609
5473,0.0,1181.8209955035554,0.0,7.79099200566609
5474,0.0,1181.8209955035554,0.0,7.79099200566609
5475,0.0,1181.8209955035554,0.0,7.79099200566609
5476,0.0,1181.8209955035554,0.0,7.79099200566609
5477,0.0,1181.8209955035554,0.0,7.79099200566609
5478,0.0,1181.8209955035554,0.0,7.79099200566609
5479,0.0,1181.8209955035554,0.0,7.79099200566609
5480,0.0,1181.8209955035554,0.0,7.79099200566609
5481,0.0,1181.8209955035554,0.0,7.79099200566609
5482,0.0,1181.8209955035554,0.0,7.79099200566609
5483,0.0,1181.8209955035554,0.0,7.79099200566609
5484,0.0,1181.8209955035554,0.0,7.79099200566609
5485,0.0,1181.8209955035554,0.0,7.79099200566609
5486,0.0,1181.8209955035554,0.0,7.79099200566609
5487,0.0,1181.8209955035554,0.0,7.79099200566609
5488,0.0,1181.8209955035554,0.0,7.79099200566609
5489,0.0,1181.8209955035554,0.0,7.79099200566609
5490,0.0,1181.8209955035554,0.0,7.79099200566609
5491,0.0,1181.8209955035554,0.0,7.79099200566609
5492,0.0,1181.8209955035554,0.0,7.79099200566609
5493,0.0,1181.8209955035554,0.0,7.79099200566609
5494,0.0,1181.8209955035554,0.0,7.79099200566609
5495,0.0,1181.8209955035554,0.0,7.79099200566609
5496,0.0,1115.9943712643383,70.38457260796963,7.79099200566609
5497,0.0,1115.9943712643383,70.38457260796963,7.79099200566609
5498,0.0,1115.9943712643383,70.38457260796963,7.79099200566609
5499,0.0,1115.9943712643383,70.38457260796963,7.79099200566609
5500,0.0,1115.9943712643383,70.38457260796963,7.79099200566609
5501,0.0,1115.9943712643383,70.38457260796963,7.79099200566609
5502,0.0,1115.9943712643383,70.38457260796963,7.79099200566609
5503,0.0,1115.9943712643383,70.38457260796963,7.79099200566609
5504,0.0,1115.9943712643383,70.38457260796963,7.79099200566609
5505,0.0,1115.9943712643383,70.38457260796963,7.79099200566609
5506,0.0,1115.9943712643383,70.38457260796963,7.79099200566609
5507,0.0,1115.9943712643383,70.38457260796963,7.79099200566609
5508,0.0,1115.9943712643383,70.38457260796963,7.79099200566609
5509,0.0,1115.9943712643383,70.38457260796963,7.79099200566609
5510,0.0,1115.9943712643383,70.38457260796963,7.79099200566609
5511,0.0,1115.9943712643383,70.38457260796963,7.79099200566609
5512,0.0,1115.9943712643383,70.38457260796963,7.79099200566609
5513,0.0,1115.9943712643383,70.38457260796963,7.79099200566609
5514,0.0,1115.9943712643383,70.38457260796963,7.79099200566609
5515,0.0,1115.9943712643383,70.38457260796963,7.79099200566609
5516,0.0,1115.9943712643383,70.38457260796963,7.79099200566609
5517,0.0,1115.9943712643383,70.38457260796963,7.79099200566609
5518,0.0,1115.9943712643383,70.38457260796963,7.79099200566609
5519,0.0,1115.9943712643383,70.38457260796963,7.79099200566609
5520,0.0,1143.7431718453404,0.0,7.90605950355529
5521,0.0,1143.7431718453404,0.0,7.90605950355529
5522,0.0,1143.7431718453404,0.0,7.90605950355529
5523,0.0,1143.7431718453404,0.0,7.90605950355529
5524,0.0,1143.7431718453404,0.0,7.90605950355529
5525,0.0,1143.7431718453404,0.0,7.90605950355529
5526,0.0,1143.7431718453404,0.0,7.90605950355529
5527,0.0,1143.7431718453404,0.0,7.90605950355529
5528,0.0,1143.7431718453404,0.0,7.90605950355529
5529,0.0,1143.7431718453404,0.0,7.90605950355529
5530,0.0,1143.7431718453404,0.0,7.90605950355529
5531,0.0,1143.7431718453404,0.0,7.90605950355529
5532,0.0,1143.7431718453404,0.0,7.90605950355529
5533,0.0,1143.7431718453404,0.0,7.90605950355529
5534,0.0,1143.7431718453404,0.0,7.90605950355529
5535,0.0,1143.7431718453404,0.0,7.90605950355529
5536,0.0,1143.7431718453404,0.0,7.90605950355529
5537,0.0,1143.7431718453404,0.0,7.90605950355529
5538,0.0,1143.7431718453404,0.0,7.90605950355529
5539,0.0,1143.7431718453404,0.0,7.90605950355529
5540,0.0,1143.7431718453404,0.0,7.90605950355529
5541,0.0,1143.7431718453404,0.0,7.90605950355529
5542,0.0,1143.7431718453404,0.0,7.90605950355529
5543,0.0,1143.7431718453404,0.0,7.90605950355529
5544,0.0,999.2986981029751,475.96807787755756,7.90605950355529
5545,0.0,999.2986981029751,475.96807787755756,7.90605950355529
5546,0.0,999.2986981029751,475.96807787755756,7.90605950355529
5547,0.0,999.2986981029751,475.96807787755756,7.90605950355529
5548,0.0,999.2986981029751,475.96807787755756,7.90605950355529
5549,0.0,999.2986981029751,475.96807787755756,7.90605950355529
5550,0.0,999.2986981029751,475.96807787755756,7.90605950355529
5551,0.0,999.2986981029751,475.96807787755756,7.90605950355529
5552,0.0,999.2986981029751,475.96807787755756,7.90605950355529
5553,0.0,999.2986981029751,475.96807787755756,7.90605950355529
5554,0.0,999.2986981029751,475.96807787755756,7.90605950355529
5555,0.0,999.2986981029751,475.96807787755756,7.90605950355529
5556,0.0,999.2986981029751,475.96807787755756,7.90605950355529
5557,0.0,999.2986981029751,475.96807787755756,7.90605950355529
5558,0.0,999.2986981029751,475.96807787755756,7.90605950355529
5559,0.0,999.2986981029751,475.96807787755756,7.90605950355529
5560,0.0,999.2986981029751,475.96807787755756,7.90605950355529
5561,0.0,999.2986981029751,475.96807787755756,7.90605950355529
5562,0.0,999.2986981029751,475.96807787755756,7.90605950355529
5563,0.0,999.2986981029751,475.96807787755756,7.90605950355529
5564,0.0,999.2986981029751,475.96807787755756,7.90605950355529
5565,0.0,999.2986981029751,475.96807787755756,7.90605950355529
5566,0.0,999.2986981029751,475.96807787755756,7.90605950355529
5567,0.0,999.2986981029751,475.96807787755756,7.90605950355529
5568,0.0,848.4316879191567,0.0,8.35373552640279
5569,0.0,848.4316879191567,0.0,8.35373552640279
5570,0.0,848.4316879191567,0.0,8.35373552640279
5571,0.0,848.4316879191567,0.0,8.35373552640279
5572,0.0,848.4316879191567,0.0,8.35373552640279
5573,0.0,848.4316879191567,0.0,8.35373552640279
5574,0.0,848.4316879191567,0.0,8.35373552640279
5575,0.0,848.4316879191567,0.0,8.35373552640279
5576,0.0,848.4316879191567,0.0,8.35373552640279
5577,0.0,848.4316879191567,0.0,8.35373552640279
5578,0.0,848.4316879191567,0.0,8.35373552640279
5579,0.0,848.4316879191567,0.0,8.35373552640279
5580,0.0,848.4316879191567,0.0,8.35373552640279
5581,0.0,848.4316879191567,0.0,8.35373552640279
5582,0.0,848.4316879191567,0.0,8.35373552640279
5583,0.0,848.4316879191567,0.0,8.35373552640279
5584,0.0,848.4316879191567,0.0,8.35373552640279
5585,0.0,848.4316879191567,0.0,8.35373552640279
5586,0.0,848.4316879191567,0.0,8.35373552640279
5587,0.0,848.4316879191567,0.0,8.35373552640279
5588,0.0,848.4316879191567,0.0,8.35373552640279
5589,0.0,848.4316879191567,0.0,8.35373552640279
5590,0.0,848.4316879191567,0.0,8.35373552640279
5591,0.0,848.4316879191567,0.0,8.35373552640279
5592,0.0,1189.915834285876,44.46830800075304,8.14487503369649
5593,0.0,1189.915834285876,44.46830800075304,8.14487503369649
5594,0.0,1189.915834285876,44.46830800075304,8.14487503369649
5595,0.0,1189.915834285876,44.46830800075304,8.14487503369649
5596,0.0,1189.915834285876,44.46830800075304,8.14487503369649
5597,0.0,1189.915834285876,44.46830800075304,8.14487503369649
5598,0.0,1189.915834285876,44.46830800075304,8.14487503369649
5599,0.0,1189.915834285876,44.46830800075304,8.14487503369649
5600,0.0,1189.915834285876,44.46830800075304,8.14487503369649
5601,0.0,1189.915834285876,44.46830800075304,8.14487503369649
5602,0.0,1189.915834285876,44.46830800075304,8.14487503369649
5603,0.0,1189.915834285876,44.46830800075304,8.14487503369649
5604,0.0,1189.915834285876,44.46830800075304,8.14487503369649
5605,0.0,1189.915834285876,44.46830800075304,8.14487503369649
5606,0.0,1189.915834285876,44.46830800075304,8.14487503369649
5607,0.0,1189.915834285876,44.46830800075304,8.14487503369649
5608,0.0,1189.915834285876,44.46830800075304,8.14487503369649
5609,0.0,1189.915834285876,44.46830800075304,8.14487503369649
5610,0.0,1189.915834285876,44.46830800075304,8.14487503369649
5611,0.0,1189.915834285876,44.46830800075304,8.14487503369649
5612,0.0,1189.915834285876,44.46830800075304,8.14487503369649
5613,0.0,1189.915834285876,44.46830800075304,8.14487503369649
5614,0.0,1189.915834285876,44.46830800075304,8.14487503369649
5615,0.0,1189.915834285876,44.46830800075304,8.14487503369649
5616,0.0,1037.9612206250358,0.0,8.14487503369649
5617,0.0,1037.9612206250358,0.0,8.14487503369649
5618,0.0,1037.9612206250358,0.0,8.14487503369649
5619,0.0,1037.9612206250358,0.0,8.14487503369649
5620,0.0,1037.9612206250358,0.0,8.14487503369649
5621,0.0,1037.9612206250358,0.0,8.14487503369649
5622,0.0,1037.9612206250358,0.0,8.14487503369649
5623,0.0,1037.9612206250358,0.0,8.14487503369649
5624,0.0,1037.9612206250358,0.0,8.14487503369649
5625,0.0,1037.9612206250358,0.0,8.14487503369649
5626,0.0,1037.9612206250358,0.0,8.14487503369649
5627,0.0,1037.9612206250358,0.0,8.14487503369649
5628,0.0,1037.9612206250358,0.0,8.14487503369649
5629,0.0,1037.9612206250358,0.0,8.14487503369649
5630,0.0,1037.9612206250358,0.0,8.14487503369649
5631,0.0,1037.9612206250358,0.0,8.14487503369649
5632,0.0,1037.9612206250358,0.0,8.14487503369649
5633,0.0,1037.9612206250358,0.0,8.14487503369649
5634,0.0,1037.9612206250358,0.0,8.14487503369649
5635,0.0,1037.9612206250358,0.0,8.14487503369649
5636,0.0,1037.9612206250358,0.0,8.14487503369649
5637,0.0,1037.9612206250358,0.0,8.14487503369649
5638,0.0,1037.9612206250358,0.0,8.14487503369649
5639,0.0,1037.9612206250358,0.0,8.14487503369649
5640,0.0,727.9884821605469,0.0,8.59967735608418
5641,0.0,727.9884821605469,0.0,8.59967735608418
5642,0.0,727.9884821605469,0.0,8.59967735608418
5643,0.0,727.9884821605469,0.0,8.59967735608418
5644,0.0,727.9884821605469,0.0,8.59967735608418
5645,0.0,727.9884821605469,0.0,8.59967735608418
5646,0.0,727.9884821605469,0.0,8.59967735608418
5647,0.0,727.9884821605469,0.0,8.59967735608418
5648,0.0,727.9884821605469,0.0,8.59967735608418
5649,0.0,727.9884821605469,0.0,8.59967735608418
5650,0.0,727.9884821605469,0.0,8.59967735608418
5651,0.0,727.9884821605469,0.0,8.59967735608418
5652,0.0,727.9884821605469,0.0,8.59967735608418
5653,0.0,727.9884821605469,0.0,8.59967735608418
5654,0.0,727.9884821605469,0.0,8.59967735608418
5655,0.0,727.9884821605469,0.0,8.59967735608418
5656,0.0,727.9884821605469,0.0,8.59967735608418
5657,0.0,727.9884821605469,0.0,8.59967735608418
5658,0.0,727.9884821605469,0.0,8.59967735608418
5659,0.0,727.9884821605469,0.0,8.59967735608418
5660,0.0,727.9884821605469,0.0,8.59967735608418
5661,0.0,727.9884821605469,0.0,8.59967735608418
5662,0.0,727.9884821605469,0.0,8.59967735608418
5663,0.0,727.9884821605469,0.0,8.59967735608418
5664,14.3502134822558,1364.8710678982338,0.0,8.23610936800638
5665,14.3502134822558,1364.8710678982338,0.0,8.23610936800638
5666,14.3502134822558,1364.8710678982338,0.0,8.23610936800638
5667,14.3502134822558,1364.8710678982338,0.0,8.23610936800638
5668,14.3502134822558,1364.8710678982338,0.0,8.23610936800638
5669,14.3502134822558,1364.8710678982338,0.0,8.23610936800638
5670,14.3502134822558,1364.8710678982338,0.0,8.23610936800638
5671,14.3502134822558,1364.8710678982338,0.0,8.23610936800638
5672,14.3502134822558,1364.8710678982338,0.0,8.23610936800638
5673,14.3502134822558,1364.8710678982338,0.0,8.23610936800638
5674,14.3502134822558,1364.8710678982338,0.0,8.23610936800638
5675,14.3502134822558,1364.8710678982338,0.0,8.23610936800638
5676,14.3502134822558,1364.8710678982338,0.0,8.23610936800638
5677,14.3502134822558,1364.8710678982338,0.0,8.23610936800638
5678,14.3502134822558,1364.8710678982338,0.0,8.23610936800638
5679,14.3502134822558,1364.8710678982338,0.0,8.23610936800638
5680,14.3502134822558,1364.8710678982338,0.0,8.23610936800638
5681,14.3502134822558,1364.8710678982338,0.0,8.23610936800638
5682,14.3502134822558,1364.8710678982338,0.0,8.23610936800638
5683,14.3502134822558,1364.8710678982338,0.0,8.23610936800638
5684,14.3502134822558,1364.8710678982338,0.0,8.23610936800638
5685,14.3502134822558,1364.8710678982338,0.0,8.23610936800638
5686,14.3502134822558,1364.8710678982338,0.0,8.23610936800638
5687,14.3502134822558,1364.8710678982338,0.0,8.23610936800638
5688,30.6366919155891,1122.6554031451149,0.0,8.21939285596211
5689,30.6366919155891,1122.6554031451149,0.0,8.21939285596211
5690,30.6366919155891,1122.6554031451149,0.0,8.21939285596211
5691,30.6366919155891,1122.6554031451149,0.0,8.21939285596211
5692,30.6366919155891,1122.6554031451149,0.0,8.21939285596211
5693,30.6366919155891,1122.6554031451149,0.0,8.21939285596211
5694,30.6366919155891,1122.6554031451149,0.0,8.21939285596211
5695,30.6366919155891,1122.6554031451149,0.0,8.21939285596211
5696,30.6366919155891,1122.6554031451149,0.0,8.21939285596211
5697,30.6366919155891,1122.6554031451149,0.0,8.21939285596211
5698,30.6366919155891,1122.6554031451149,0.0,8.21939285596211
5699,30.6366919155891,1122.6554031451149,0.0,8.21939285596211
5700,30.6366919155891,1122.6554031451149,0.0,8.21939285596211
5701,30.6366919155891,1122.6554031451149,0.0,8.21939285596211
5702,30.6366919155891,1122.6554031451149,0.0,8.21939285596211
5703,30.6366919155891,1122.6554031451149,0.0,8.21939285596211
5704,30.6366919155891,1122.6554031451149,0.0,8.21939285596211
5705,30.6366919155891,1122.6554031451149,0.0,8.21939285596211
5706,30.6366919155891,1122.6554031451149,0.0,8.21939285596211
5707,30.6366919155891,1122.6554031451149,0.0,8.21939285596211
5708,30.6366919155891,1122.6554031451149,0.0,8.21939285596211
5709,30.6366919155891,1122.6554031451149,0.0,8.21939285596211
5710,30.6366919155891,1122.6554031451149,0.0,8.21939285596211
5711,30.6366919155891,1122.6554031451149,0.0,8.21939285596211
5712,39.4245340900675,1005.5784098437405,0.0,8.21939285596211
5713,39.4245340900675,1005.5784098437405,0.0,8.21939285596211
5714,39.4245340900675,1005.5784098437405,0.0,8.21939285596211
5715,39.4245340900675,1005.5784098437405,0.0,8.21939285596211
5716,39.4245340900675,1005.5784098437405,0.0,8.21939285596211
5717,39.4245340900675,1005.5784098437405,0.0,8.21939285596211
5718,39.4245340900675,1005.5784098437405,0.0,8.21939285596211
5719,39.4245340900675,1005.5784098437405,0.0,8.21939285596211
5720,39.4245340900675,1005.5784098437405,0.0,8.21939285596211
5721,39.4245340900675,1005.5784098437405,0.0,8.21939285596211
5722,39.4245340900675,1005.5784098437405,0.0,8.21939285596211
5723,39.4245340900675,1005.5784098437405,0.0,8.21939285596211
5724,39.4245340900675,1005.5784098437405,0.0,8.21939285596211
5725,39.4245340900675,1005.5784098437405,0.0,8.21939285596211
5726,39.4245340900675,1005.5784098437405,0.0,8.21939285596211
5727,39.4245340900675,1005.5784098437405,0.0,8.21939285596211
5728,39.4245340900675,1005.5784098437405,0.0,8.21939285596211
5729,39.4245340900675,1005.5784098437405,0.0,8.21939285596211
5730,39.4245340900675,1005.5784098437405,0.0,8.21939285596211
5731,39.4245340900675,1005.5784098437405,0.0,8.21939285596211
5732,39.4245340900675,1005.5784098437405,0.0,8.21939285596211
5733,39.4245340900675,1005.5784098437405,0.0,8.21939285596211
5734,39.4245340900675,1005.5784098437405,0.0,8.21939285596211
5735,39.4245340900675,1005.5784098437405,0.0,8.21939285596211
5736,56.4512670592215,869.8127076242349,0.0,8.21939285596211
5737,56.4512670592215,869.8127076242349,0.0,8.21939285596211
5738,56.4512670592215,869.8127076242349,0.0,8.21939285596211
5739,56.4512670592215,869.8127076242349,0.0,8.21939285596211
5740,56.4512670592215,869.8127076242349,0.0,8.21939285596211
5741,56.4512670592215,869.8127076242349,0.0,8.21939285596211
5742,56.4512670592215,869.8127076242349,0.0,8.21939285596211
5743,56.4512670592215,869.8127076242349,0.0,8.21939285596211
5744,56.4512670592215,869.8127076242349,0.0,8.21939285596211
5745,56.4512670592215,869.8127076242349,0.0,8.21939285596211
5746,56.4512670592215,869.8127076242349,0.0,8.21939285596211
5747,56.4512670592215,869.8127076242349,0.0,8.21939285596211
5748,56.4512670592215,869.8127076242349,0.0,8.21939285596211
5749,56.4512670592215,869.8127076242349,0.0,8.21939285596211
5750,56.4512670592215,869.8127076242349,0.0,8.21939285596211
5751,56.4512670592215,869.8127076242349,0.0,8.21939285596211
5752,56.4512670592215,869.8127076242349,0.0,8.21939285596211
5753,56.4512670592215,869.8127076242349,0.0,8.21939285596211
5754,56.4512670592215,869.8127076242349,0.0,8.21939285596211
5755,56.4512670592215,869.8127076242349,0.0,8.21939285596211
5756,56.4512670592215,869.8127076242349,0.0,8.21939285596211
5757,56.4512670592215,869.8127076242349,0.0,8.21939285596211
5758,56.4512670592215,869.8127076242349,0.0,8.21939285596211
5759,56.4512670592215,869.8127076242349,0.0,8.21939285596211
5760,85.2410908030738,1185.098983753345,0.0,10.9241597016652
5761,85.2410908030738,1185.098983753345,0.0,10.9241597016652
5762,85.2410908030738,1185.098983753345,0.0,10.9241597016652
5763,85.2410908030738,1185.098983753345,0.0,10.9241597016652
5764,85.2410908030738,1185.098983753345,0.0,10.9241597016652
5765,85.2410908030738,1185.098983753345,0.0,10.9241597016652
5766,85.2410908030738,1185.098983753345,0.0,10.9241597016652
5767,85.2410908030738,1185.098983753345,0.0,10.9241597016652
5768,85.2410908030738,1185.098983753345,0.0,10.9241597016652
5769,85.2410908030738,1185.098983753345,0.0,10.9241597016652
5770,85.2410908030738,1185.098983753345,0.0,10.9241597016652
5771,85.2410908030738,1185.098983753345,0.0,10.9241597016652
5772,85.2410908030738,1185.098983753345,0.0,10.9241597016652
5773,85.2410908030738,1185.098983753345,0.0,10.9241597016652
5774,85.2410908030738,1185.098983753345,0.0,10.9241597016652
5775,85.2410908030738,1185.098983753345,0.0,10.9241597016652
5776,85.2410908030738,1185.098983753345,0.0,10.9241597016652
5777,85.2410908030738,1185.098983753345,0.0,10.9241597016652
5778,85.2410908030738,1185.098983753345,0.0,10.9241597016652
5779,85.2410908030738,1185.098983753345,0.0,10.9241597016652
5780,85.2410908030738,1185.098983753345,0.0,10.9241597016652
5781,85.2410908030738,1185.098983753345,0.0,10.9241597016652
5782,85.2410908030738,1185.098983753345,0.0,10.9241597016652
5783,85.2410908030738,1185.098983753345,0.0,10.9241597016652
5784,97.6082563914362,1031.1249765127088,0.0,12.5801064332326
5785,97.6082563914362,1031.1249765127088,0.0,12.5801064332326
5786,97.6082563914362,1031.1249765127088,0.0,12.5801064332326
5787,97.6082563914362,1031.1249765127088,0.0,12.5801064332326
5788,97.6082563914362,1031.1249765127088,0.0,12.5801064332326
5789,97.6082563914362,1031.1249765127088,0.0,12.5801064332326
5790,97.6082563914362,1031.1249765127088,0.0,12.5801064332326
5791,97.6082563914362,1031.1249765127088,0.0,12.5801064332326
5792,97.6082563914362,1031.1249765127088,0.0,12.5801064332326
5793,97.6082563914362,1031.1249765127088,0.0,12.5801064332326
5794,97.6082563914362,1031.1249765127088,0.0,12.5801064332326
5795,97.6082563914362,1031.1249765127088,0.0,12.5801064332326
5796,97.6082563914362,1031.1249765127088,0.0,12.5801064332326
5797,97.6082563914362,1031.1249765127088,0.0,12.5801064332326
5798,97.6082563914362,1031.1249765127088,0.0,12.5801064332326
5799,97.6082563914362,1031.1249765127088,0.0,12.5801064332326
5800,97.6082563914362,1031.1249765127088,0.0,12.5801064332326
5801,97.6082563914362,1031.1249765127088,0.0,12.5801064332326
5802,97.6082563914362,1031.1249765127088,0.0,12.5801064332326
5803,97.6082563914362,1031.1249765127088,0.0,12.5801064332326
5804,97.6082563914362,1031.1249765127088,0.0,12.5801064332326
5805,97.6082563914362,1031.1249765127088,0.0,12.5801064332326
5806,97.6082563914362,1031.1249765127088,0.0,12.5801064332326
5807,97.6082563914362,1031.1249765127088,0.0,12.5801064332326
5808,108.157431825606,588.6800005649284,217.15398800831179,12.9433096090952
5809,108.157431825606,588.6800005649284,217.15398800831179,12.9433096090952
5810,108.157431825606,588.6800005649284,217.15398800831179,12.9433096090952
5811,108.157431825606,588.6800005649284,217.15398800831179,12.9433096090952
5812,108.157431825606,588.6800005649284,217.15398800831179,12.9433096090952
5813,108.157431825606,588.6800005649284,217.15398800831179,12.9433096090952
5814,108.157431825606,588.6800005649284,217.15398800831179,12.9433096090952
5815,108.157431825606,588.6800005649284,217.15398800831179,12.9433096090952
5816,108.157431825606,588.6800005649284,217.15398800831179,12.9433096090952
5817,108.157431825606,588.6800005649284,217.15398800831179,12.9433096090952
5818,108.157431825606,588.6800005649284,217.15398800831179,12.9433096090952
5819,108.157431825606,588.6800005649284,217.15398800831179,12.9433096090952
5820,108.157431825606,588.6800005649284,217.15398800831179,12.9433096090952
5821,108.157431825606,588.6800005649284,217.15398800831179,12.9433096090952
5822,108.157431825606,588.6800005649284,217.15398800831179,12.9433096090952
5823,108.157431825606,588.6800005649284,217.15398800831179,12.9433096090952
5824,108.157431825606,588.6800005649284,217.15398800831179,12.9433096090952
5825,108.157431825606,588.6800005649284,217.15398800831179,12.9433096090952
5826,108.157431825606,588.6800005649284,217.15398800831179,12.9433096090952
5827,108.157431825606,588.6800005649284,217.15398800831179,12.9433096090952
5828,108.157431825606,588.6800005649284,217.15398800831179,12.9433096090952
5829,108.157431825606,588.6800005649284,217.15398800831179,12.9433096090952
5830,108.157431825606,588.6800005649284,217.15398800831179,12.9433096090952
5831,108.157431825606,588.6800005649284,217.15398800831179,12.9433096090952
5832,110.645860662936,204.95134759144094,0.0,11.999326912562
5833,110.645860662936,204.95134759144094,0.0,11.999326912562
5834,110.645860662936,204.95134759144094,0.0,11.999326912562
5835,110.645860662936,204.95134759144094,0.0,11.999326912562
5836,110.645860662936,204.95134759144094,0.0,11.999326912562
5837,110.645860662936,204.95134759144094,0.0,11.999326912562
5838,110.645860662936,204.95134759144094,0.0,11.999326912562
5839,110.645860662936,204.95134759144094,0.0,11.999326912562
5840,110.645860662936,204.95134759144094,0.0,11.999326912562
5841,110.645860662936,204.95134759144094,0.0,11.999326912562
5842,110.645860662936,204.95134759144094,0.0,11.999326912562
5843,110.645860662936,204.95134759144094,0.0,11.999326912562
5844,110.645860662936,204.95134759144094,0.0,11.999326912562
5845,110.645860662936,204.95134759144094,0.0,11.999326912562
5846,110.645860662936,204.95134759144094,0.0,11.999326912562
5847,110.645860662936,204.95134759144094,0.0,11.999326912562
5848,110.645860662936,204.95134759144094,0.0,11.999326912562
5849,110.645860662936,204.95134759144094,0.0,11.999326912562
5850,110.645860662936,204.95134759144094,0.0,11.999326912562
5851,110.645860662936,204.95134759144094,0.0,11.999326912562
5852,110.645860662936,204.95134759144094,0.0,11.999326912562
5853,110.645860662936,204.95134759144094,0.0,11.999326912562
5854,110.645860662936,204.95134759144094,0.0,11.999326912562
5855,110.645860662936,204.95134759144094,0.0,11.999326912562
5856,112.759995055408,336.2267079415974,239.03111750636856,12.4516203085581
5857,112.759995055408,336.2267079415974,239.03111750636856,12.4516203085581
5858,112.759995055408,336.2267079415974,239.03111750636856,12.4516203085581
5859,112.759995055408,336.2267079415974,239.03111750636856,12.4516203085581
5860,112.759995055408,336.2267079415974,239.03111750636856,12.4516203085581
5861,112.759995055408,336.2267079415974,239.03111750636856,12.4516203085581
5862,112.759995055408,336.2267079415974,239.03111750636856,12.4516203085581
5863,112.759995055408,336.2267079415974,239.03111750636856,12.4516203085581
5864,112.759995055408,336.2267079415974,239.03111750636856,12.4516203085581
5865,112.759995055408,336.2267079415974,239.03111750636856,12.4516203085581
5866,112.759995055408,336.2267079415974,239.03111750636856,12.4516203085581
5867,112.759995055408,336.2267079415974,239.03111750636856,12.4516203085581
5868,112.759995055408,336.2267079415974,239.03111750636856,12.4516203085581
5869,112.759995055408,336.2267079415974,239.03111750636856,12.4516203085581
5870,112.759995055408,336.2267079415974,239.03111750636856,12.4516203085581
5871,112.759995055408,336.2267079415974,239.03111750636856,12.4516203085581
5872,112.759995055408,336.2267079415974,239.03111750636856,12.4516203085581
5873,112.759995055408,336.2267079415974,239.03111750636856,12.4516203085581
5874,112.759995055408,336.2267079415974,239.03111750636856,12.4516203085581
5875,112.759995055408,336.2267079415974,239.03111750636856,12.4516203085581
5876,112.759995055408,336.2267079415974,239.03111750636856,12.4516203085581
5877,112.759995055408,336.2267079415974,239.03111750636856,12.4516203085581
5878,112.759995055408,336.2267079415974,239.03111750636856,12.4516203085581
5879,112.759995055408,336.2267079415974,239.03111750636856,12.4516203085581
5880,93.9519775014803,436.8481871145882,0.0,14.5460081259409
5881,93.9519775014803,436.8481871145882,0.0,14.5460081259409
5882,93.9519775014803,436.8481871145882,0.0,14.5460081259409
5883,93.9519775014803,436.8481871145882,0.0,14.5460081259409
5884,93.9519775014803,436.8481871145882,0.0,14.5460081259409
5885,93.9519775014803,436.8481871145882,0.0,14.5460081259409
5886,93.9519775014803,436.8481871145882,0.0,14.5460081259409
5887,93.9519775014803,436.8481871145882,0.0,14.5460081259409
5888,93.9519775014803,436.8481871145882,0.0,14.5460081259409
5889,93.9519775014803,436.8481871145882,0.0,14.5460081259409
5890,93.9519775014803,436.8481871145882,0.0,14.5460081259409
5891,93.9519775014803,436.8481871145882,0.0,14.5460081259409
5892,93.9519775014803,436.8481871145882,0.0,14.5460081259409
5893,93.9519775014803,436.8481871145882,0.0,14.5460081259409
5894,93.9519775014803,436.8481871145882,0.0,14.5460081259409
5895,93.9519775014803,436.8481871145882,0.0,14.5460081259409
5896,93.9519775014803,436.8481871145882,0.0,14.5460081259409
5897,93.9519775014803,436.8481871145882,0.0,14.5460081259409
5898,93.9519775014803,436.8481871145882,0.0,14.5460081259409
5899,93.9519775014803,436.8481871145882,0.0,14.5460081259409
5900,93.9519775014803,436.8481871145882,0.0,14.5460081259409
5901,93.9519775014803,436.8481871145882,0.0,14.5460081259409
5902,93.9519775014803,436.8481871145882,0.0,14.5460081259409
5903,93.9519775014803,436.8481871145882,0.0,14.5460081259409
5904,109.142105247214,631.6746198145547,375.2897580562051,16.9156786123911
5905,109.142105247214,631.6746198145547,375.2897580562051,16.9156786123911
5906,109.142105247214,631.6746198145547,375.2897580562051,16.9156786123911
5907,109.142105247214,631.6746198145547,375.2897580562051,16.9156786123911
5908,109.142105247214,631.6746198145547,375.2897580562051,16.9156786123911
5909,109.142105247214,631.6746198145547,375.2897580562051,16.9156786123911
5910,109.142105247214,631.6746198145547,375.2897580562051,16.9156786123911
5911,109.142105247214,631.6746198145547,375.2897580562051,16.9156786123911
5912,109.142105247214,631.6746198145547,375.2897580562051,16.9156786123911
5913,109.142105247214,631.6746198145547,375.2897580562051,16.9156786123911
5914,109.142105247214,631.6746198145547,375.2897580562051,16.9156786123911
5915,109.142105247214,631.6746198145547,375.2897580562051,16.9156786123911
5916,109.142105247214,631.6746198145547,375.2897580562051,16.9156786123911
5917,109.142105247214,631.6746198145547,375.2897580562051,16.9156786123911
5918,109.142105247214,631.6746198145547,375.2897580562051,16.9156786123911
5919,109.142105247214,631.6746198145547,375.2897580562051,16.9156786123911
5920,109.142105247214,631.6746198145547,375.2897580562051,16.9156786123911
5921,109.142105247214,631.6746198145547,375.2897580562051,16.9156786123911
5922,109.142105247214,631.6746198145547,375.2897580562051,16.9156786123911
5923,109.142105247214,631.6746198145547,375.2897580562051,16.9156786123911
5924,109.142105247214,631.6746198145547,375.2897580562051,16.9156786123911
5925,109.142105247214,631.6746198145547,375.2897580562051,16.9156786123911
5926,109.142105247214,631.6746198145547,375.2897580562051,16.9156786123911
5927,109.142105247214,631.6746198145547,375.2897580562051,16.9156786123911
5928,147.220608686863,579.0237542880668,117.17061765635583,20.5156786123911
5929,147.220608686863,579.0237542880668,117.17061765635583,20.5156786123911
5930,147.220608686863,579.0237542880668,117.17061765635583,20.5156786123911
5931,147.220608686863,579.0237542880668,117.17061765635583,20.5156786123911
5932,147.220608686863,579.0237542880668,117.17061765635583,20.5156786123911
5933,147.220608686863,579.0237542880668,117.17061765635583,20.5156786123911
5934,147.220608686863,579.0237542880668,117.17061765635583,20.5156786123911
5935,147.220608686863,579.0237542880668,117.17061765635583,20.5156786123911
5936,147.220608686863,579.0237542880668,117.17061765635583,20.5156786123911
5937,147.220608686863,579.0237542880668,117.17061765635583,20.5156786123911
5938,147.220608686863,579.0237542880668,117.17061765635583,20.5156786123911
5939,147.220608686863,579.0237542880668,117.17061765635583,20.5156786123911
5940,147.220608686863,579.0237542880668,117.17061765635583,20.5156786123911
5941,147.220608686863,579.0237542880668,117.17061765635583,20.5156786123911
5942,147.220608686863,579.0237542880668,117.17061765635583,20.5156786123911
5943,147.220608686863,579.0237542880668,117.17061765635583,20.5156786123911
5944,147.220608686863,579.0237542880668,117.17061765635583,20.5156786123911
5945,147.220608686863,579.0237542880668,117.17061765635583,20.5156786123911
5946,147.220608686863,579.0237542880668,117.17061765635583,20.5156786123911
5947,147.220608686863,579.0237542880668,117.17061765635583,20.5156786123911
5948,147.220608686863,579.0237542880668,117.17061765635583,20.5156786123911
5949,147.220608686863,579.0237542880668,117.17061765635583,20.5156786123911
5950,147.220608686863,579.0237542880668,117.17061765635583,20.5156786123911
5951,147.220608686863,579.0237542880668,117.17061765635583,20.5156786123911
5952,166.728702285681,646.1934421479441,0.0,22.4405308564503
5953,166.728702285681,646.1934421479441,0.0,22.4405308564503
5954,166.728702285681,646.1934421479441,0.0,22.4405308564503
5955,166.728702285681,646.1934421479441,0.0,22.4405308564503
5956,166.728702285681,646.1934421479441,0.0,22.4405308564503
5957,166.728702285681,646.1934421479441,0.0,22.4405308564503
5958,166.728702285681,646.1934421479441,0.0,22.4405308564503
5959,166.728702285681,646.1934421479441,0.0,22.4405308564503
5960,166.728702285681,646.1934421479441,0.0,22.4405308564503
5961,166.728702285681,646.1934421479441,0.0,22.4405308564503
5962,166.728702285681,646.1934421479441,0.0,22.4405308564503
5963,166.728702285681,646.1934421479441,0.0,22.4405308564503
5964,166.728702285681,646.1934421479441,0.0,22.4405308564503
5965,166.728702285681,646.1934421479441,0.0,22.4405308564503
5966,166.728702285681,646.1934421479441,0.0,22.4405308564503
5967,166.728702285681,646.1934421479441,0.0,22.4405308564503
5968,166.728702285681,646.1934421479441,0.0,22.4405308564503
5969,166.728702285681,646.1934421479441,0.0,22.4405308564503
5970,166.728702285681,646.1934421479441,0.0,22.4405308564503
5971,166.728702285681,646.1934421479441,0.0,22.4405308564503
5972,166.728702285681,646.1934421479441,0.0,22.4405308564503
5973,166.728702285681,646.1934421479441,0.0,22.4405308564503
5974,166.728702285681,646.1934421479441,0.0,22.4405308564503
5975,166.728702285681,646.1934421479441,0.0,22.4405308564503
5976,169.804709103964,247.84629167184403,0.0,25.0386713186899
5977,169.804709103964,247.84629167184403,0.0,25.0386713186899
5978,169.804709103964,247.84629167184403,0.0,25.0386713186899
5979,169.804709103964,247.84629167184403,0.0,25.0386713186899
5980,169.804709103964,247.84629167184403,0.0,25.0386713186899
5981,169.804709103964,247.84629167184403,0.0,25.0386713186899
5982,169.804709103964,247.84629167184403,0.0,25.0386713186899
5983,169.804709103964,247.84629167184403,0.0,25.0386713186899
5984,169.804709103964,247.84629167184403,0.0,25.0386713186899
5985,169.804709103964,247.84629167184403,0.0,25.0386713186899
5986,169.804709103964,247.84629167184403,0.0,25.0386713186899
5987,169.804709103964,247.84629167184403,0.0,25.0386713186899
5988,169.804709103964,247.84629167184403,0.0,25.0386713186899
5989,169.804709103964,247.84629167184403,0.0,25.0386713186899
5990,169.804709103964,247.84629167184403,0.0,25.0386713186899
5991,169.804709103964,247.84629167184403,0.0,25.0386713186899
5992,169.804709103964,247.84629167184403,0.0,25.0386713186899
5993,169.804709103964,247.84629167184403,0.0,25.0386713186899
5994,169.804709103964,247.84629167184403,0.0,25.0386713186899
5995,169.804709103964,247.84629167184403,0.0,25.0386713186899
5996,169.804709103964,247.84629167184403,0.0,25.0386713186899
5997,169.804709103964,247.84629167184403,0.0,25.0386713186899
5998,169.804709103964,247.84629167184403,0.0,25.0386713186899
5999,169.804709103964,247.84629167184403,0.0,25.0386713186899
6000,135.473004704961,0.0,57.36620748579094,29.2420689423878
6001,135.473004704961,0.0,57.36620748579094,29.2420689423878
6002,135.473004704961,0.0,57.36620748579094,29.2420689423878
6003,135.473004704961,0.0,57.36620748579094,29.2420689423878
6004,135.473004704961,0.0,57.36620748579094,29.2420689423878
6005,135.473004704961,0.0,57.36620748579094,29.2420689423878
6006,135.473004704961,0.0,57.36620748579094,29.2420689423878
6007,135.473004704961,0.0,57.36620748579094,29.2420689423878
6008,135.473004704961,0.0,57.36620748579094,29.2420689423878
6009,135.473004704961,0.0,57.36620748579094,29.2420689423878
6010,135.473004704961,0.0,57.36620748579094,29.2420689423878
6011,135.473004704961,0.0,57.36620748579094,29.2420689423878
6012,135.473004704961,0.0,57.36620748579094,29.2420689423878
6013,135.473004704961,0.0,57.36620748579094,29.2420689423878
6014,135.473004704961,0.0,57.36620748579094,29.2420689423878
6015,135.473004704961,0.0,57.36620748579094,29.2420689423878
6016,135.473004704961,0.0,57.36620748579094,29.2420689423878
6017,135.473004704961,0.0,57.36620748579094,29.2420689423878
6018,135.473004704961,0.0,57.36620748579094,29.2420689423878
6019,135.473004704961,0.0,57.36620748579094,29.2420689423878
6020,135.473004704961,0.0,57.36620748579094,29.2420689423878
6021,135.473004704961,0.0,57.36620748579094,29.2420689423878
6022,135.473004704961,0.0,57.36620748579094,29.2420689423878
6023,135.473004704961,0.0,57.36620748579094,29.2420689423878
6024,88.1352455602051,32.812638846352456,397.69669776197145,33.3486200491587
6025,88.1352455602051,32.812638846352456,397.69669776197145,33.3486200491587
6026,88.1352455602051,32.812638846352456,397.69669776197145,33.3486200491587
6027,88.1352455602051,32.812638846352456,397.69669776197145,33.3486200491587
6028,88.1352455602051,32.812638846352456,397.69669776197145,33.3486200491587
6029,88.1352455602051,32.812638846352456,397.69669776197145,33.3486200491587
6030,88.1352455602051,32.812638846352456,397.69669776197145,33.3486200491587
6031,88.1352455602051,32.812638846352456,397.69669776197145,33.3486200491587
6032,88.1352455602051,32.812638846352456,397.69669776197145,33.3486200491587
6033,88.1352455602051,32.812638846352456,397.69669776197145,33.3486200491587
6034,88.1352455602051,32.812638846352456,397.69669776197145,33.3486200491587
6035,88.1352455602051,32.812638846352456,397.69669776197145,33.3486200491587
6036,88.1352455602051,32.812638846352456,397.69669776197145,33.3486200491587
6037,88.1352455602051,32.812638846352456,397.69669776197145,33.3486200491587
6038,88.1352455602051,32.812638846352456,397.69669776197145,33.3486200491587
6039,88.1352455602051,32.812638846352456,397.69669776197145,33.3486200491587
6040,88.1352455602051,32.812638846352456,397.69669776197145,33.3486200491587
6041,88.1352455602051,32.812638846352456,397.69669776197145,33.3486200491587
6042,88.1352455602051,32.812638846352456,397.69669776197145,33.3486200491587
6043,88.1352455602051,32.812638846352456,397.69669776197145,33.3486200491587
6044,88.1352455602051,32.812638846352456,397.69669776197145,33.3486200491587
6045,88.1352455602051,32.812638846352456,397.69669776197145,33.3486200491587
6046,88.1352455602051,32.812638846352456,397.69669776197145,33.3486200491587
6047,88.1352455602051,32.812638846352456,397.69669776197145,33.3486200491587
6048,21.4764479077101,451.242639240515,337.1730574620078,36.1869407176971
6049,21.4764479077101,451.242639240515,337.1730574620078,36.1869407176971
6050,21.4764479077101,451.242639240515,337.1730574620078,36.1869407176971
6051,21.4764479077101,451.242639240515,337.1730574620078,36.1869407176971
6052,21.4764479077101,451.242639240515,337.1730574620078,36.1869407176971
6053,21.4764479077101,451.242639240515,337.1730574620078,36.1869407176971
6054,21.4764479077101,451.242639240515,337.1730574620078,36.1869407176971
6055,21.4764479077101,451.242639240515,337.1730574620078,36.1869407176971
6056,21.4764479077101,451.242639240515,337.1730574620078,36.1869407176971
6057,21.4764479077101,451.242639240515,337.1730574620078,36.1869407176971
6058,21.4764479077101,451.242639240515,337.1730574620078,36.1869407176971
6059,21.4764479077101,451.242639240515,337.1730574620078,36.1869407176971
6060,21.4764479077101,451.242639240515,337.1730574620078,36.1869407176971
6061,21.4764479077101,451.242639240515,337.1730574620078,36.1869407176971
6062,21.4764479077101,451.242639240515,337.1730574620078,36.1869407176971
6063,21.4764479077101,451.242639240515,337.1730574620078,36.1869407176971
6064,21.4764479077101,451.242639240515,337.1730574620078,36.1869407176971
6065,21.4764479077101,451.242639240515,337.1730574620078,36.1869407176971
6066,21.4764479077101,451.242639240515,337.1730574620078,36.1869407176971
6067,21.4764479077101,451.242639240515,337.1730574620078,36.1869407176971
6068,21.4764479077101,451.242639240515,337.1730574620078,36.1869407176971
6069,21.4764479077101,451.242639240515,337.1730574620078,36.1869407176971
6070,21.4764479077101,451.242639240515,337.1730574620078,36.1869407176971
6071,21.4764479077101,451.242639240515,337.1730574620078,36.1869407176971
6072,0.0,351.87086247776415,133.77685268941275,40.4536073843638
6073,0.0,351.87086247776415,133.77685268941275,40.4536073843638
6074,0.0,351.87086247776415,133.77685268941275,40.4536073843638
6075,0.0,351.87086247776415,133.77685268941275,40.4536073843638
6076,0.0,351.87086247776415,133.77685268941275,40.4536073843638
6077,0.0,351.87086247776415,133.77685268941275,40.4536073843638
6078,0.0,351.87086247776415,133.77685268941275,40.4536073843638
6079,0.0,351.87086247776415,133.77685268941275,40.4536073843638
6080,0.0,351.87086247776415,133.77685268941275,40.4536073843638
6081,0.0,351.87086247776415,133.77685268941275,40.4536073843638
6082,0.0,351.87086247776415,133.77685268941275,40.4536073843638
6083,0.0,351.87086247776415,133.77685268941275,40.4536073843638
6084,0.0,351.87086247776415,133.77685268941275,40.4536073843638
6085,0.0,351.87086247776415,133.77685268941275,40.4536073843638
6086,0.0,351.87086247776415,133.77685268941275,40.4536073843638
6087,0.0,351.87086247776415,133.77685268941275,40.4536073843638
6088,0.0,351.87086247776415,133.77685268941275,40.4536073843638
6089,0.0,351.87086247776415,133.77685268941275,40.4536073843638
6090,0.0,351.87086247776415,133.77685268941275,40.4536073843638
6091,0.0,351.87086247776415,133.77685268941275,40.4536073843638
6092,0.0,351.87086247776415,133.77685268941275,40.4536073843638
6093,0.0,351.87086247776415,133.77685268941275,40.4536073843638
6094,0.0,351.87086247776415,133.77685268941275,40.4536073843638
6095,0.0,351.87086247776415,133.77685268941275,40.4536073843638
6096,0.0,35.23522701255297,614.6795172714828,43.660769033432
6097,0.0,35.23522701255297,614.6795172714828,43.660769033432
6098,0.0,35.23522701255297,614.6795172714828,43.660769033432
6099,0.0,35.23522701255297,614.6795172714828,43.660769033432
6100,0.0,35.23522701255297,614.6795172714828,43.660769033432
6101,0.0,35.23522701255297,614.6795172714828,43.660769033432
6102,0.0,35.23522701255297,614.6795172714828,43.660769033432
6103,0.0,35.23522701255297,614.6795172714828,43.660769033432
6104,0.0,35.23522701255297,614.6795172714828,43.660769033432
6105,0.0,35.23522701255297,614.6795172714828,43.660769033432
6106,0.0,35.23522701255297,614.6795172714828,43.660769033432
6107,0.0,35.23522701255297,614.6795172714828,43.660769033432
6108,0.0,35.23522701255297,614.6795172714828,43.660769033432
6109,0.0,35.23522701255297,614.6795172714828,43.660769033432
6110,0.0,35.23522701255297,614.6795172714828,43.660769033432
6111,0.0,35.23522701255297,614.6795172714828,43.660769033432
6112,0.0,35.23522701255297,614.6795172714828,43.660769033432
6113,0.0,35.23522701255297,614.6795172714828,43.660769033432
6114,0.0,35.23522701255297,614.6795172714828,43.660769033432
6115,0.0,35.23522701255297,614.6795172714828,43.660769033432
6116,0.0,35.23522701255297,614.6795172714828,43.660769033432
6117,0.0,35.23522701255297,614.6795172714828,43.660769033432
6118,0.0,35.23522701255297,614.6795172714828,43.660769033432
6119,0.0,35.23522701255297,614.6795172714828,43.660769033432
6120,0.0,81.94954394830074,447.2504270227156,47.9941023667653
6121,0.0,81.94954394830074,447.2504270227156,47.9941023667653
6122,0.0,81.94954394830074,447.2504270227156,47.9941023667653
6123,0.0,81.94954394830074,447.2504270227156,47.9941023667653
6124,0.0,81.94954394830074,447.2504270227156,47.9941023667653
6125,0.0,81.94954394830074,447.2504270227156,47.9941023667653
6126,0.0,81.94954394830074,447.2504270227156,47.9941023667653
6127,0.0,81.94954394830074,447.2504270227156,47.9941023667653
6128,0.0,81.94954394830074,447.2504270227156,47.9941023667653
6129,0.0,81.94954394830074,447.2504270227156,47.9941023667653
6130,0.0,81.94954394830074,447.2504270227156,47.9941023667653
6131,0.0,81.94954394830074,447.2504270227156,47.9941023667653
6132,0.0,81.94954394830074,447.2504270227156,47.9941023667653
6133,0.0,81.94954394830074,447.2504270227156,47.9941023667653
6134,0.0,81.94954394830074,447.2504270227156,47.9941023667653
6135,0.0,81.94954394830074,447.2504270227156,47.9941023667653
6136,0.0,81.94954394830074,447.2504270227156,47.9941023667653
6137,0.0,81.94954394830074,447.2504270227156,47.9941023667653
6138,0.0,81.94954394830074,447.2504270227156,47.9941023667653
6139,0.0,81.94954394830074,447.2504270227156,47.9941023667653
6140,0.0,81.94954394830074,447.2504270227156,47.9941023667653
6141,0.0,81.94954394830074,447.2504270227156,47.9941023667653
6142,0.0,81.94954394830074,447.2504270227156,47.9941023667653
6143,0.0,81.94954394830074,447.2504270227156,47.9941023667653
6144,0.0,73.8704844767517,352.71895355283925,52.4107436021169
6145,0.0,73.8704844767517,352.71895355283925,52.4107436021169
6146,0.0,73.8704844767517,352.71895355283925,52.4107436021169
6147,0.0,73.8704844767517,352.71895355283925,52.4107436021169
6148,0.0,73.8704844767517,352.71895355283925,52.4107436021169
6149,0.0,73.8704844767517,352.71895355283925,52.4107436021169
6150,0.0,73.8704844767517,352.71895355283925,52.4107436021169
6151,0.0,73.8704844767517,352.71895355283925,52.4107436021169
6152,0.0,73.8704844767517,352.71895355283925,52.4107436021169
6153,0.0,73.8704844767517,352.71895355283925,52.4107436021169
6154,0.0,73.8704844767517,352.71895355283925,52.4107436021169
6155,0.0,73.8704844767517,352.71895355283925,52.4107436021169
6156,0.0,73.8704844767517,352.71895355283925,52.4107436021169
6157,0.0,73.8704844767517,352.71895355283925,52.4107436021169
6158,0.0,73.8704844767517,352.71895355283925,52.4107436021169
6159,0.0,73.8704844767517,352.71895355283925,52.4107436021169
6160,0.0,73.8704844767517,352.71895355283925,52.4107436021169
6161,0.0,73.8704844767517,352.71895355283925,52.4107436021169
6162,0.0,73.8704844767517,352.71895355283925,52.4107436021169
6163,0.0,73.8704844767517,352.71895355283925,52.4107436021169
6164,0.0,73.8704844767517,352.71895355283925,52.4107436021169
6165,0.0,73.8704844767517,352.71895355283925,52.4107436021169
6166,0.0,73.8704844767517,352.71895355283925,52.4107436021169
6167,0.0,73.8704844767517,352.71895355283925,52.4107436021169
6168,0.0,67.53465728551873,365.09634456719925,57.1774102687835
6169,0.0,67.53465728551873,365.09634456719925,57.1774102687835
6170,0.0,67.53465728551873,365.09634456719925,57.1774102687835
6171,0.0,67.53465728551873,365.09634456719925,57.1774102687835
6172,0.0,67.53465728551873,365.09634456719925,57.1774102687835
6173,0.0,67.53465728551873,365.09634456719925,57.1774102687835
6174,0.0,67.53465728551873,365.09634456719925,57.1774102687835
6175,0.0,67.53465728551873,365.09634456719925,57.1774102687835
6176,0.0,67.53465728551873,365.09634456719925,57.1774102687835
6177,0.0,67.53465728551873,365.09634456719925,57.1774102687835
6178,0.0,67.53465728551873,365.09634456719925,57.1774102687835
6179,0.0,67.53465728551873,365.09634456719925,57.1774102687835
6180,0.0,67.53465728551873,365.09634456719925,57.1774102687835
6181,0.0,67.53465728551873,365.09634456719925,57.1774102687835
6182,0.0,67.53465728551873,365.09634456719925,57.1774102687835
6183,0.0,67.53465728551873,365.09634456719925,57.1774102687835
6184,0.0,67.53465728551873,365.09634456719925,57.1774102687835
6185,0.0,67.53465728551873,365.09634456719925,57.1774102687835
6186,0.0,67.53465728551873,365.09634456719925,57.1774102687835
6187,0.0,67.53465728551873,365.09634456719925,57.1774102687835
6188,0.0,67.53465728551873,365.09634456719925,57.1774102687835
6189,0.0,67.53465728551873,365.09634456719925,57.1774102687835
6190,0.0,67.53465728551873,365.09634456719925,57.1774102687835
6191,0.0,67.53465728551873,365.09634456719925,57.1774102687835
6192,0.0,67.03281075596351,882.96704305013,60.8809138139088
6193,0.0,67.03281075596351,882.96704305013,60.8809138139088
6194,0.0,67.03281075596351,882.96704305013,60.8809138139088
6195,0.0,67.03281075596351,882.96704305013,60.8809138139088
6196,0.0,67.03281075596351,882.96704305013,60.8809138139088
6197,0.0,67.03281075596351,882.96704305013,60.8809138139088
6198,0.0,67.03281075596351,882.96704305013,60.8809138139088
6199,0.0,67.03281075596351,882.96704305013,60.8809138139088
6200,0.0,67.03281075596351,882.96704305013,60.8809138139088
6201,0.0,67.03281075596351,882.96704305013,60.8809138139088
6202,0.0,67.03281075596351,882.96704305013,60.8809138139088
6203,0.0,67.03281075596351,882.96704305013,60.8809138139088
6204,0.0,67.03281075596351,882.96704305013,60.8809138139088
6205,0.0,67.03281075596351,882.96704305013,60.8809138139088
6206,0.0,67.03281075596351,882.96704305013,60.8809138139088
6207,0.0,67.03281075596351,882.96704305013,60.8809138139088
6208,0.0,67.03281075596351,882.96704305013,60.8809138139088
6209,0.0,67.03281075596351,882.96704305013,60.8809138139088
6210,0.0,67.03281075596351,882.96704305013,60.8809138139088
6211,0.0,67.03281075596351,882.96704305013,60.8809138139088
6212,0.0,67.03281075596351,882.96704305013,60.8809138139088
6213,0.0,67.03281075596351,882.96704305013,60.8809138139088
6214,0.0,67.03281075596351,882.96704305013,60.8809138139088
6215,0.0,67.03281075596351,882.96704305013,60.8809138139088
6216,0.0,182.51973210612005,589.2089025204303,63.384416214625
6217,0.0,182.51973210612005,589.2089025204303,63.384416214625
6218,0.0,182.51973210612005,589.2089025204303,63.384416214625
6219,0.0,182.51973210612005,589.2089025204303,63.384416214625
6220,0.0,182.51973210612005,589.2089025204303,63.384416214625
6221,0.0,182.51973210612005,589.2089025204303,63.384416214625
6222,0.0,182.51973210612005,589.2089025204303,63.384416214625
6223,0.0,182.51973210612005,589.2089025204303,63.384416214625
6224,0.0,182.51973210612005,589.2089025204303,63.384416214625
6225,0.0,182.51973210612005,589.2089025204303,63.384416214625
6226,0.0,182.51973210612005,589.2089025204303,63.384416214625
6227,0.0,182.51973210612005,589.2089025204303,63.384416214625
6228,0.0,182.51973210612005,589.2089025204303,63.384416214625
6229,0.0,182.51973210612005,589.2089025204303,63.384416214625
6230,0.0,182.51973210612005,589.2089025204303,63.384416214625
6231,0.0,182.51973210612005,589.2089025204303,63.384416214625
6232,0.0,182.51973210612005,589.2089025204303,63.384416214625
6233,0.0,182.51973210612005,589.2089025204303,63.384416214625
6234,0.0,182.51973210612005,589.2089025204303,63.384416214625
6235,0.0,182.51973210612005,589.2089025204303,63.384416214625
6236,0.0,182.51973210612005,589.2089025204303,63.384416214625
6237,0.0,182.51973210612005,589.2089025204303,63.384416214625
6238,0.0,182.51973210612005,589.2089025204303,63.384416214625
6239,0.0,182.51973210612005,589.2089025204303,63.384416214625
6240,0.0,625.5315142237819,574.9751044100319,63.8693230311075
6241,0.0,625.5315142237819,574.9751044100319,63.8693230311075
6242,0.0,625.5315142237819,574.9751044100319,63.8693230311075
6243,0.0,625.5315142237819,574.9751044100319,63.8693230311075
6244,0.0,625.5315142237819,574.9751044100319,63.8693230311075
6245,0.0,625.5315142237819,574.9751044100319,63.8693230311075
6246,0.0,625.5315142237819,574.9751044100319,63.8693230311075
6247,0.0,625.5315142237819,574.9751044100319,63.8693230311075
6248,0.0,625.5315142237819,574.9751044100319,63.8693230311075
6249,0.0,625.5315142237819,574.9751044100319,63.8693230311075
6250,0.0,625.5315142237819,574.9751044100319,63.8693230311075
6251,0.0,625.5315142237819,574.9751044100319,63.8693230311075
6252,0.0,625.5315142237819,574.9751044100319,63.8693230311075
6253,0.0,625.5315142237819,574.9751044100319,63.8693230311075
6254,0.0,625.5315142237819,574.9751044100319,63.8693230311075
6255,0.0,625.5315142237819,574.9751044100319,63.8693230311075
6256,0.0,625.5315142237819,574.9751044100319,63.8693230311075
6257,0.0,625.5315142237819,574.9751044100319,63.8693230311075
6258,0.0,625.5315142237819,574.9751044100319,63.8693230311075
6259,0.0,625.5315142237819,574.9751044100319,63.8693230311075
6260,0.0,625.5315142237819,574.9751044100319,63.8693230311075
6261,0.0,625.5315142237819,574.9751044100319,63.8693230311075
6262,0.0,625.5315142237819,574.9751044100319,63.8693230311075
6263,0.0,625.5315142237819,574.9751044100319,63.8693230311075
6264,0.0,783.7737957076911,507.9197667248294,63.8693230311075
6265,0.0,783.7737957076911,507.9197667248294,63.8693230311075
6266,0.0,783.7737957076911,507.9197667248294,63.8693230311075
6267,0.0,783.7737957076911,507.9197667248294,63.8693230311075
6268,0.0,783.7737957076911,507.9197667248294,63.8693230311075
6269,0.0,783.7737957076911,507.9197667248294,63.8693230311075
6270,0.0,783.7737957076911,507.9197667248294,63.8693230311075
6271,0.0,783.7737957076911,507.9197667248294,63.8693230311075
6272,0.0,783.7737957076911,507.9197667248294,63.8693230311075
6273,0.0,783.7737957076911,507.9197667248294,63.8693230311075
6274,0.0,783.7737957076911,507.9197667248294,63.8693230311075
6275,0.0,783.7737957076911,507.9197667248294,63.8693230311075
6276,0.0,783.7737957076911,507.9197667248294,63.8693230311075
6277,0.0,783.7737957076911,507.9197667248294,63.8693230311075
6278,0.0,783.7737957076911,507.9197667248294,63.8693230311075
6279,0.0,783.7737957076911,507.9197667248294,63.8693230311075
6280,0.0,783.7737957076911,507.9197667248294,63.8693230311075
6281,0.0,783.7737957076911,507.9197667248294,63.8693230311075
6282,0.0,783.7737957076911,507.9197667248294,63.8693230311075
6283,0.0,783.7737957076911,507.9197667248294,63.8693230311075
6284,0.0,783.7737957076911,507.9197667248294,63.8693230311075
6285,0.0,783.7737957076911,507.9197667248294,63.8693230311075
6286,0.0,783.7737957076911,507.9197667248294,63.8693230311075
6287,0.0,783.7737957076911,507.9197667248294,63.8693230311075
6288,0.0,879.943053156077,245.3455227307751,64.5593873341878
6289,0.0,879.943053156077,245.3455227307751,64.5593873341878
6290,0.0,879.943053156077,245.3455227307751,64.5593873341878
6291,0.0,879.943053156077,245.3455227307751,64.5593873341878
6292,0.0,879.943053156077,245.3455227307751,64.5593873341878
6293,0.0,879.943053156077,245.3455227307751,64.5593873341878
6294,0.0,879.943053156077,245.3455227307751,64.5593873341878
6295,0.0,879.943053156077,245.3455227307751,64.5593873341878
6296,0.0,879.943053156077,245.3455227307751,64.5593873341878
6297,0.0,879.943053156077,245.3455227307751,64.5593873341878
6298,0.0,879.943053156077,245.3455227307751,64.5593873341878
6299,0.0,879.943053156077,245.3455227307751,64.5593873341878
6300,0.0,879.943053156077,245.3455227307751,64.5593873341878
6301,0.0,879.943053156077,245.3455227307751,64.5593873341878
6302,0.0,879.943053156077,245.3455227307751,64.5593873341878
6303,0.0,879.943053156077,245.3455227307751,64.5593873341878
6304,0.0,879.943053156077,245.3455227307751,64.5593873341878
6305,0.0,879.943053156077,245.3455227307751,64.5593873341878
6306,0.0,879.943053156077,245.3455227307751,64.5593873341878
6307,0.0,879.943053156077,245.3455227307751,64.5593873341878
6308,0.0,879.943053156077,245.3455227307751,64.5593873341878
6309,0.0,879.943053156077,245.3455227307751,64.5593873341878
6310,0.0,879.943053156077,245.3455227307751,64.5593873341878
6311,0.0,879.943053156077,245.3455227307751,64.5593873341878
6312,0.0,390.32524580790005,757.5456681949146,64.9757036844889
6313,0.0,390.32524580790005,757.5456681949146,64.9757036844889
6314,0.0,390.32524580790005,757.5456681949146,64.9757036844889
6315,0.0,390.32524580790005,757.5456681949146,64.9757036844889
6316,0.0,390.32524580790005,757.5456681949146,64.9757036844889
6317,0.0,390.32524580790005,757.5456681949146,64.9757036844889
6318,0.0,390.32524580790005,757.5456681949146,64.9757036844889
6319,0.0,390.32524580790005,757.5456681949146,64.9757036844889
6320,0.0,390.32524580790005,757.5456681949146,64.9757036844889
6321,0.0,390.32524580790005,757.5456681949146,64.9757036844889
6322,0.0,390.32524580790005,757.5456681949146,64.9757036844889
6323,0.0,390.32524580790005,757.5456681949146,64.9757036844889
6324,0.0,390.32524580790005,757.5456681949146,64.9757036844889
6325,0.0,390.32524580790005,757.5456681949146,64.9757036844889
6326,0.0,390.32524580790005,757.5456681949146,64.9757036844889
6327,0.0,390.32524580790005,757.5456681949146,64.9757036844889
6328,0.0,390.32524580790005,757.5456681949146,64.9757036844889
6329,0.0,390.32524580790005,757.5456681949146,64.9757036844889
6330,0.0,390.32524580790005,757.5456681949146,64.9757036844889
6331,0.0,390.32524580790005,757.5456681949146,64.9757036844889
6332,0.0,390.32524580790005,757.5456681949146,64.9757036844889
6333,0.0,390.32524580790005,757.5456681949146,64.9757036844889
6334,0.0,390.32524580790005,757.5456681949146,64.9757036844889
6335,0.0,390.32524580790005,757.5456681949146,64.9757036844889
6336,0.0,772.4432371171865,0.0,67.1250384012858
6337,0.0,772.4432371171865,0.0,67.1250384012858
6338,0.0,772.4432371171865,0.0,67.1250384012858
6339,0.0,772.4432371171865,0.0,67.1250384012858
6340,0.0,772.4432371171865,0.0,67.1250384012858
6341,0.0,772.4432371171865,0.0,67.1250384012858
6342,0.0,772.4432371171865,0.0,67.1250384012858
6343,0.0,772.4432371171865,0.0,67.1250384012858
6344,0.0,772.4432371171865,0.0,67.1250384012858
6345,0.0,772.4432371171865,0.0,67.1250384012858
6346,0.0,772.4432371171865,0.0,67.1250384012858
6347,0.0,772.4432371171865,0.0,67.1250384012858
6348,0.0,772.4432371171865,0.0,67.1250384012858
6349,0.0,772.4432371171865,0.0,67.1250384012858
6350,0.0,772.4432371171865,0.0,67.1250384012858
6351,0.0,772.4432371171865,0.0,67.1250384012858
6352,0.0,772.4432371171865,0.0,67.1250384012858
6353,0.0,772.4432371171865,0.0,67.1250384012858
6354,0.0,772.4432371171865,0.0,67.1250384012858
6355,0.0,772.4432371171865,0.0,67.1250384012858
6356,0.0,772.4432371171865,0.0,67.1250384012858
6357,0.0,772.4432371171865,0.0,67.1250384012858
6358,0.0,772.4432371171865,0.0,67.1250384012858
6359,0.0,772.4432371171865,0.0,67.1250384012858
6360,0.0,804.7005316392592,527.7579396373529,71.4677015940348
6361,0.0,804.7005316392592,527.7579396373529,71.4677015940348
6362,0.0,804.7005316392592,527.7579396373529,71.4677015940348
6363,0.0,804.7005316392592,527.7579396373529,71.4677015940348
6364,0.0,804.7005316392592,527.7579396373529,71.4677015940348
6365,0.0,804.7005316392592,527.7579396373529,71.4677015940348
6366,0.0,804.7005316392592,527.7579396373529,71.4677015940348
6367,0.0,804.7005316392592,527.7579396373529,71.4677015940348
6368,0.0,804.7005316392592,527.7579396373529,71.4677015940348
6369,0.0,804.7005316392592,527.7579396373529,71.4677015940348
6370,0.0,804.7005316392592,527.7579396373529,71.4677015940348
6371,0.0,804.7005316392592,527.7579396373529,71.4677015940348
6372,0.0,804.7005316392592,527.7579396373529,71.4677015940348
6373,0.0,804.7005316392592,527.7579396373529,71.4677015940348
6374,0.0,804.7005316392592,527.7579396373529,71.4677015940348
6375,0.0,804.7005316392592,527.7579396373529,71.4677015940348
6376,0.0,804.7005316392592,527.7579396373529,71.4677015940348
6377,0.0,804.7005316392592,527.7579396373529,71.4677015940348
6378,0.0,804.7005316392592,527.7579396373529,71.4677015940348
6379,0.0,804.7005316392592,527.7579396373529,71.4677015940348
6380,0.0,804.7005316392592,527.7579396373529,71.4677015940348
6381,0.0,804.7005316392592,527.7579396373529,71.4677015940348
6382,0.0,804.7005316392592,527.7579396373529,71.4677015940348
6383,0.0,804.7005316392592,527.7579396373529,71.4677015940348
6384,0.0,662.6399985149951,125.66558436096773,77.7509291330973
6385,0.0,662.6399985149951,125.66558436096773,77.7509291330973
6386,0.0,662.6399985149951,125.66558436096773,77.7509291330973
6387,0.0,662.6399985149951,125.66558436096773,77.7509291330973
6388,0.0,662.6399985149951,125.66558436096773,77.7509291330973
6389,0.0,662.6399985149951,125.66558436096773,77.7509291330973
6390,0.0,662.6399985149951,125.66558436096773,77.7509291330973
6391,0.0,662.6399985149951,125.66558436096773,77.7509291330973
6392,0.0,662.6399985149951,125.66558436096773,77.7509291330973
6393,0.0,662.6399985149951,125.66558436096773,77.7509291330973
6394,0.0,662.6399985149951,125.66558436096773,77.7509291330973
6395,0.0,662.6399985149951,125.66558436096773,77.7509291330973
6396,0.0,662.6399985149951,125.66558436096773,77.7509291330973
6397,0.0,662.6399985149951,125.66558436096773,77.7509291330973
6398,0.0,662.6399985149951,125.66558436096773,77.7509291330973
6399,0.0,662.6399985149951,125.66558436096773,77.7509291330973
6400,0.0,662.6399985149951,125.66558436096773,77.7509291330973
6401,0.0,662.6399985149951,125.66558436096773,77.7509291330973
6402,0.0,662.6399985149951,125.66558436096773,77.7509291330973
6403,0.0,662.6399985149951,125.66558436096773,77.7509291330973
6404,0.0,662.6399985149951,125.66558436096773,77.7509291330973
6405,0.0,662.6399985149951,125.66558436096773,77.7509291330973
6406,0.0,662.6399985149951,125.66558436096773,77.7509291330973
6407,0.0,662.6399985149951,125.66558436096773,77.7509291330973
6408,0.0,868.5750285191634,471.62427285434455,82.5252460479736
6409,0.0,868.5750285191634,471.62427285434455,82.5252460479736
6410,0.0,868.5750285191634,471.62427285434455,82.5252460479736
6411,0.0,868.5750285191634,471.62427285434455,82.5252460479736
6412,0.0,868.5750285191634,471.62427285434455,82.5252460479736
6413,0.0,868.5750285191634,471.62427285434455,82.5252460479736
6414,0.0,868.5750285191634,471.62427285434455,82.5252460479736
6415,0.0,868.5750285191634,471.62427285434455,82.5252460479736
6416,0.0,868.5750285191634,471.62427285434455,82.5252460479736
6417,0.0,868.5750285191634,471.62427285434455,82.5252460479736
6418,0.0,868.5750285191634,471.62427285434455,82.5252460479736
6419,0.0,868.5750285191634,471.62427285434455,82.5252460479736
6420,0.0,868.5750285191634,471.62427285434455,82.5252460479736
6421,0.0,868.5750285191634,471.62427285434455,82.5252460479736
6422,0.0,868.5750285191634,471.62427285434455,82.5252460479736
6423,0.0,868.5750285191634,471.62427285434455,82.5252460479736
6424,0.0,868.5750285191634,471.62427285434455,82.5252460479736
6425,0.0,868.5750285191634,471.62427285434455,82.5252460479736
6426,0.0,868.5750285191634,471.62427285434455,82.5252460479736
6427,0.0,868.5750285191634,471.62427285434455,82.5252460479736
6428,0.0,868.5750285191634,471.62427285434455,82.5252460479736
6429,0.0,868.5750285191634,471.62427285434455,82.5252460479736
6430,0.0,868.5750285191634,471.62427285434455,82.5252460479736
6431,0.0,868.5750285191634,471.62427285434455,82.5252460479736
6432,0.0,411.4148932328667,236.34042303795889,88.0585793813069
6433,0.0,411.4148932328667,236.34042303795889,88.0585793813069
6434,0.0,411.4148932328667,236.34042303795889,88.0585793813069
6435,0.0,411.4148932328667,236.34042303795889,88.0585793813069
6436,0.0,411.4148932328667,236.34042303795889,88.0585793813069
6437,0.0,411.4148932328667,236.34042303795889,88.0585793813069
6438,0.0,411.4148932328667,236.34042303795889,88.0585793813069
6439,0.0,411.4148932328667,236.34042303795889,88.0585793813069
6440,0.0,411.4148932328667,236.34042303795889,88.0585793813069
6441,0.0,411.4148932328667,236.34042303795889,88.0585793813069
6442,0.0,411.4148932328667,236.34042303795889,88.0585793813069
6443,0.0,411.4148932328667,236.34042303795889,88.0585793813069
6444,0.0,411.4148932328667,236.34042303795889,88.0585793813069
6445,0.0,411.4148932328667,236.34042303795889,88.0585793813069
6446,0.0,411.4148932328667,236.34042303795889,88.0585793813069
6447,0.0,411.4148932328667,236.34042303795889,88.0585793813069
6448,0.0,411.4148932328667,236.34042303795889,88.0585793813069
6449,0.0,411.4148932328667,236.34042303795889,88.0585793813069
6450,0.0,411.4148932328667,236.34042303795889,88.0585793813069
6451,0.0,411.4148932328667,236.34042303795889,88.0585793813069
6452,0.0,411.4148932328667,236.34042303795889,88.0585793813069
6453,0.0,411.4148932328667,236.34042303795889,88.0585793813069
6454,0.0,411.4148932328667,236.34042303795889,88.0585793813069
6455,0.0,411.4148932328667,236.34042303795889,88.0585793813069
6456,0.0,664.446291342123,591.4349057676225,93.9585793813069
6457,0.0,664.446291342123,591.4349057676225,93.9585793813069
6458,0.0,664.446291342123,591.4349057676225,93.9585793813069
6459,0.0,664.446291342123,591.4349057676225,93.9585793813069
6460,0.0,664.446291342123,591.4349057676225,93.9585793813069
6461,0.0,664.446291342123,591.4349057676225,93.9585793813069
6462,0.0,664.446291342123,591.4349057676225,93.9585793813069
6463,0.0,664.446291342123,591.4349057676225,93.9585793813069
6464,0.0,664.446291342123,591.4349057676225,93.9585793813069
6465,0.0,664.446291342123,591.4349057676225,93.9585793813069
6466,0.0,664.446291342123,591.4349057676225,93.9585793813069
6467,0.0,664.446291342123,591.4349057676225,93.9585793813069
6468,0.0,664.446291342123,591.4349057676225,93.9585793813069
6469,0.0,664.446291342123,591.4349057676225,93.9585793813069
6470,0.0,664.446291342123,591.4349057676225,93.9585793813069
6471,0.0,664.446291342123,591.4349057676225,93.9585793813069
6472,0.0,664.446291342123,591.4349057676225,93.9585793813069
6473,0.0,664.446291342123,591.4349057676225,93.9585793813069
6474,0.0,664.446291342123,591.4349057676225,93.9585793813069
6475,0.0,664.446291342123,591.4349057676225,93.9585793813069
6476,0.0,664.446291342123,591.4349057676225,93.9585793813069
6477,0.0,664.446291342123,591.4349057676225,93.9585793813069
6478,0.0,664.446291342123,591.4349057676225,93.9585793813069
6479,0.0,664.446291342123,591.4349057676225,93.9585793813069
6480,0.0,302.4417236548502,134.9768423179944,40.13756535599478
6481,0.0,302.4417236548502,134.9768423179944,40.13756535599478
6482,0.0,302.4417236548502,134.9768423179944,40.13756535599478
6483,0.0,302.4417236548502,134.9768423179944,40.13756535599478
6484,0.0,302.4417236548502,134.9768423179944,40.13756535599478
6485,0.0,302.4417236548502,134.9768423179944,40.13756535599478
6486,0.0,302.4417236548502,134.9768423179944,40.13756535599478
6487,0.0,302.4417236548502,134.9768423179944,40.13756535599478
6488,0.0,302.4417236548502,134.9768423179944,40.13756535599478
6489,0.0,302.4417236548502,134.9768423179944,40.13756535599478
6490,0.0,302.4417236548502,134.9768423179944,40.13756535599478
6491,0.0,302.4417236548502,134.9768423179944,40.13756535599478
6492,0.0,302.4417236548502,134.9768423179944,40.13756535599478
6493,0.0,302.4417236548502,134.9768423179944,40.13756535599478
6494,0.0,302.4417236548502,134.9768423179944,40.13756535599478
6495,0.0,302.4417236548502,134.9768423179944,40.13756535599478
6496,0.0,302.4417236548502,134.9768423179944,40.13756535599478
6497,0.0,302.4417236548502,134.9768423179944,40.13756535599478
6498,0.0,302.4417236548502,134.9768423179944,40.13756535599478
6499,0.0,302.4417236548502,134.9768423179944,40.13756535599478
6500,0.0,302.4417236548502,134.9768423179944,40.13756535599478
6501,0.0,302.4417236548502,134.9768423179944,40.13756535599478
6502,0.0,302.4417236548502,134.9768423179944,40.13756535599478
6503,0.0,302.4417236548502,134.9768423179944,40.13756535599478
6504,0.0,501.7865551886998,77.13659956541164,6.5695764983631335
6505,0.0,501.7865551886998,77.13659956541164,6.5695764983631335
6506,0.0,501.7865551886998,77.13659956541164,6.5695764983631335
6507,0.0,501.7865551886998,77.13659956541164,6.5695764983631335
6508,0.0,501.7865551886998,77.13659956541164,6.5695764983631335
6509,0.0,501.7865551886998,77.13659956541164,6.5695764983631335
6510,0.0,501.7865551886998,77.13659956541164,6.5695764983631335
6511,0.0,501.7865551886998,77.13659956541164,6.5695764983631335
6512,0.0,501.7865551886998,77.13659956541164,6.5695764983631335
6513,0.0,501.7865551886998,77.13659956541164,6.5695764983631335
6514,0.0,501.7865551886998,77.13659956541164,6.5695764983631335
6515,0.0,501.7865551886998,77.13659956541164,6.5695764983631335
6516,0.0,501.7865551886998,77.13659956541164,6.5695764983631335
6517,0.0,501.7865551886998,77.13659956541164,6.5695764983631335
6518,0.0,501.7865551886998,77.13659956541164,6.5695764983631335
6519,0.0,501.7865551886998,77.13659956541164,6.5695764983631335
6520,0.0,501.7865551886998,77.13659956541164,6.5695764983631335
6521,0.0,501.7865551886998,77.13659956541164,6.5695764983631335
6522,0.0,501.7865551886998,77.13659956541164,6.5695764983631335
6523,0.0,501.7865551886998,77.13659956541164,6.5695764983631335
6524,0.0,501.7865551886998,77.13659956541164,6.5695764983631335
6525,0.0,501.7865551886998,77.13659956541164,6.5695764983631335
6526,0.0,501.7865551886998,77.13659956541164,6.5695764983631335
6527,0.0,501.7865551886998,77.13659956541164,6.5695764983631335
6528,0.0,815.0005929357762,0.0,96.1850262959798
6529,0.0,815.0005929357762,0.0,96.1850262959798
6530,0.0,815.0005929357762,0.0,96.1850262959798
6531,0.0,815.0005929357762,0.0,96.1850262959798
6532,0.0,815.0005929357762,0.0,96.1850262959798
6533,0.0,815.0005929357762,0.0,96.1850262959798
6534,0.0,815.0005929357762,0.0,96.1850262959798
6535,0.0,815.0005929357762,0.0,96.1850262959798
6536,0.0,815.0005929357762,0.0,96.1850262959798
6537,0.0,815.0005929357762,0.0,96.1850262959798
6538,0.0,815.0005929357762,0.0,96.1850262959798
6539,0.0,815.0005929357762,0.0,96.1850262959798
6540,0.0,815.0005929357762,0.0,96.1850262959798
6541,0.0,815.0005929357762,0.0,96.1850262959798
6542,0.0,815.0005929357762,0.0,96.1850262959798
6543,0.0,815.0005929357762,0.0,96.1850262959798
6544,0.0,815.0005929357762,0.0,96.1850262959798
6545,0.0,815.0005929357762,0.0,96.1850262959798
6546,0.0,815.0005929357762,0.0,96.1850262959798
6547,0.0,815.0005929357762,0.0,96.1850262959798
6548,0.0,815.0005929357762,0.0,96.1850262959798
6549,0.0,815.0005929357762,0.0,96.1850262959798
6550,0.0,815.0005929357762,0.0,96.1850262959798
6551,0.0,815.0005929357762,0.0,96.1850262959798
6552,0.0,758.8734855534262,549.632177224012,96.7666802724202
6553,0.0,758.8734855534262,549.632177224012,96.7666802724202
6554,0.0,758.8734855534262,549.632177224012,96.7666802724202
6555,0.0,758.8734855534262,549.632177224012,96.7666802724202
6556,0.0,758.8734855534262,549.632177224012,96.7666802724202
6557,0.0,758.8734855534262,549.632177224012,96.7666802724202
6558,0.0,758.8734855534262,549.632177224012,96.7666802724202
6559,0.0,758.8734855534262,549.632177224012,96.7666802724202
6560,0.0,758.8734855534262,549.632177224012,96.7666802724202
6561,0.0,758.8734855534262,549.632177224012,96.7666802724202
6562,0.0,758.8734855534262,549.632177224012,96.7666802724202
6563,0.0,758.8734855534262,549.632177224012,96.7666802724202
6564,0.0,758.8734855534262,549.632177224012,96.7666802724202
6565,0.0,758.8734855534262,549.632177224012,96.7666802724202
6566,0.0,758.8734855534262,549.632177224012,96.7666802724202
6567,0.0,758.8734855534262,549.632177224012,96.7666802724202
6568,0.0,758.8734855534262,549.632177224012,96.7666802724202
6569,0.0,758.8734855534262,549.632177224012,96.7666802724202
6570,0.0,758.8734855534262,549.632177224012,96.7666802724202
6571,0.0,758.8734855534262,549.632177224012,96.7666802724202
6572,0.0,758.8734855534262,549.632177224012,96.7666802724202
6573,0.0,758.8734855534262,549.632177224012,96.7666802724202
6574,0.0,758.8734855534262,549.632177224012,96.7666802724202
6575,0.0,758.8734855534262,549.632177224012,96.7666802724202
6576,0.0,650.3811064990978,540.9966265853972,98.1143868764241
6577,0.0,650.3811064990978,540.9966265853972,98.1143868764241
6578,0.0,650.3811064990978,540.9966265853972,98.1143868764241
6579,0.0,650.3811064990978,540.9966265853972,98.1143868764241
6580,0.0,650.3811064990978,540.9966265853972,98.1143868764241
6581,0.0,650.3811064990978,540.9966265853972,98.1143868764241
6582,0.0,650.3811064990978,540.9966265853972,98.1143868764241
6583,0.0,650.3811064990978,540.9966265853972,98.1143868764241
6584,0.0,650.3811064990978,540.9966265853972,98.1143868764241
6585,0.0,650.3811064990978,540.9966265853972,98.1143868764241
6586,0.0,650.3811064990978,540.9966265853972,98.1143868764241
6587,0.0,650.3811064990978,540.9966265853972,98.1143868764241
6588,0.0,650.3811064990978,540.9966265853972,98.1143868764241
6589,0.0,650.3811064990978,540.9966265853972,98.1143868764241
6590,0.0,650.3811064990978,540.9966265853972,98.1143868764241
6591,0.0,650.3811064990978,540.9966265853972,98.1143868764241
6592,0.0,650.3811064990978,540.9966265853972,98.1143868764241
6593,0.0,650.3811064990978,540.9966265853972,98.1143868764241
6594,0.0,650.3811064990978,540.9966265853972,98.1143868764241
6595,0.0,650.3811064990978,540.9966265853972,98.1143868764241
6596,0.0,650.3811064990978,540.9966265853972,98.1143868764241
6597,0.0,650.3811064990978,540.9966265853972,98.1143868764241
6598,0.0,650.3811064990978,540.9966265853972,98.1143868764241
6599,0.0,650.3811064990978,540.9966265853972,98.1143868764241
6600,0.0,584.6534146889335,706.669498697916,99.1542774200439
6601,0.0,584.6534146889335,706.669498697916,99.1542774200439
6602,0.0,584.6534146889335,706.669498697916,99.1542774200439
6603,0.0,584.6534146889335,706.669498697916,99.1542774200439
6604,0.0,584.6534146889335,706.669498697916,99.1542774200439
6605,0.0,584.6534146889335,706.669498697916,99.1542774200439
6606,0.0,584.6534146889335,706.669498697916,99.1542774200439
6607,0.0,584.6534146889335,706.669498697916,99.1542774200439
6608,0.0,584.6534146889335,706.669498697916,99.1542774200439
6609,0.0,584.6534146889335,706.669498697916,99.1542774200439
6610,0.0,584.6534146889335,706.669498697916,99.1542774200439
6611,0.0,584.6534146889335,706.669498697916,99.1542774200439
6612,0.0,584.6534146889335,706.669498697916,99.1542774200439
6613,0.0,584.6534146889335,706.669498697916,99.1542774200439
6614,0.0,584.6534146889335,706.669498697916,99.1542774200439
6615,0.0,584.6534146889335,706.669498697916,99.1542774200439
6616,0.0,584.6534146889335,706.669498697916,99.1542774200439
6617,0.0,584.6534146889335,706.669498697916,99.1542774200439
6618,0.0,584.6534146889335,706.669498697916,99.1542774200439
6619,0.0,584.6534146889335,706.669498697916,99.1542774200439
6620,0.0,584.6534146889335,706.669498697916,99.1542774200439
6621,0.0,584.6534146889335,706.669498697916,99.1542774200439
6622,0.0,584.6534146889335,706.669498697916,99.1542774200439
6623,0.0,584.6534146889335,706.669498697916,99.1542774200439
6624,0.0,617.2811236569833,555.7206454250835,101.395400873819
6625,0.0,617.2811236569833,555.7206454250835,101.395400873819
6626,0.0,617.2811236569833,555.7206454250835,101.395400873819
6627,0.0,617.2811236569833,555.7206454250835,101.395400873819
6628,0.0,617.2811236569833,555.7206454250835,101.395400873819
6629,0.0,617.2811236569833,555.7206454250835,101.395400873819
6630,0.0,617.2811236569833,555.7206454250835,101.395400873819
6631,0.0,617.2811236569833,555.7206454250835,101.395400873819
6632,0.0,617.2811236569833,555.7206454250835,101.395400873819
6633,0.0,617.2811236569833,555.7206454250835,101.395400873819
6634,0.0,617.2811236569833,555.7206454250835,101.395400873819
6635,0.0,617.2811236569833,555.7206454250835,101.395400873819
6636,0.0,617.2811236569833,555.7206454250835,101.395400873819
6637,0.0,617.2811236569833,555.7206454250835,101.395400873819
6638,0.0,617.2811236569833,555.7206454250835,101.395400873819
6639,0.0,617.2811236569833,555.7206454250835,101.395400873819
6640,0.0,617.2811236569833,555.7206454250835,101.395400873819
6641,0.0,617.2811236569833,555.7206454250835,101.395400873819
6642,0.0,617.2811236569833,555.7206454250835,101.395400873819
6643,0.0,617.2811236569833,555.7206454250835,101.395400873819
6644,0.0,617.2811236569833,555.7206454250835,101.395400873819
6645,0.0,617.2811236569833,555.7206454250835,101.395400873819
6646,0.0,617.2811236569833,555.7206454250835,101.395400873819
6647,0.0,617.2811236569833,555.7206454250835,101.395400873819
6648,0.0,792.0884142176119,595.4969305551042,43.35367068959293
6649,0.0,792.0884142176119,595.4969305551042,43.35367068959293
6650,0.0,792.0884142176119,595.4969305551042,43.35367068959293
6651,0.0,792.0884142176119,595.4969305551042,43.35367068959293
6652,0.0,792.0884142176119,595.4969305551042,43.35367068959293
6653,0.0,792.0884142176119,595.4969305551042,43.35367068959293
6654,0.0,792.0884142176119,595.4969305551042,43.35367068959293
6655,0.0,792.0884142176119,595.4969305551042,43.35367068959293
6656,0.0,792.0884142176119,595.4969305551042,43.35367068959293
6657,0.0,792.0884142176119,595.4969305551042,43.35367068959293
6658,0.0,792.0884142176119,595.4969305551042,43.35367068959293
6659,0.0,792.0884142176119,595.4969305551042,43.35367068959293
6660,0.0,792.0884142176119,595.4969305551042,43.35367068959293
6661,0.0,792.0884142176119,595.4969305551042,43.35367068959293
6662,0.0,792.0884142176119,595.4969305551042,43.35367068959293
6663,0.0,792.0884142176119,595.4969305551042,43.35367068959293
6664,0.0,792.0884142176119,595.4969305551042,43.35367068959293
6665,0.0,792.0884142176119,595.4969305551042,43.35367068959293
6666,0.0,792.0884142176119,595.4969305551042,43.35367068959293
6667,0.0,792.0884142176119,595.4969305551042,43.35367068959293
6668,0.0,792.0884142176119,595.4969305551042,43.35367068959293
6669,0.0,792.0884142176119,595.4969305551042,43.35367068959293
6670,0.0,792.0884142176119,595.4969305551042,43.35367068959293
6671,0.0,792.0884142176119,595.4969305551042,43.35367068959293
6672,0.0,622.3739224738156,631.7315178440244,54.01917606992137
6673,0.0,622.3739224738156,631.7315178440244,54.01917606992137
6674,0.0,622.3739224738156,631.7315178440244,54.01917606992137
6675,0.0,622.3739224738156,631.7315178440244,54.01917606992137
6676,0.0,622.3739224738156,631.7315178440244,54.01917606992137
6677,0.0,622.3739224738156,631.7315178440244,54.01917606992137
6678,0.0,622.3739224738156,631.7315178440244,54.01917606992137
6679,0.0,622.3739224738156,631.7315178440244,54.01917606992137
6680,0.0,622.3739224738156,631.7315178440244,54.01917606992137
6681,0.0,622.3739224738156,631.7315178440244,54.01917606992137
6682,0.0,622.3739224738156,631.7315178440244,54.01917606992137
6683,0.0,622.3739224738156,631.7315178440244,54.01917606992137
6684,0.0,622.3739224738156,631.7315178440244,54.01917606992137
6685,0.0,622.3739224738156,631.7315178440244,54.01917606992137
6686,0.0,622.3739224738156,631.7315178440244,54.01917606992137
6687,0.0,622.3739224738156,631.7315178440244,54.01917606992137
6688,0.0,622.3739224738156,631.7315178440244,54.01917606992137
6689,0.0,622.3739224738156,631.7315178440244,54.01917606992137
6690,0.0,622.3739224738156,631.7315178440244,54.01917606992137
6691,0.0,622.3739224738156,631.7315178440244,54.01917606992137
6692,0.0,622.3739224738156,631.7315178440244,54.01917606992137
6693,0.0,622.3739224738156,631.7315178440244,54.01917606992137
6694,0.0,622.3739224738156,631.7315178440244,54.01917606992137
6695,0.0,622.3739224738156,631.7315178440244,54.01917606992137
6696,0.0,421.191588083027,625.9161731861524,101.94833517082867
6697,0.0,421.191588083027,625.9161731861524,101.94833517082867
6698,0.0,421.191588083027,625.9161731861524,101.94833517082867
6699,0.0,421.191588083027,625.9161731861524,101.94833517082867
6700,0.0,421.191588083027,625.9161731861524,101.94833517082867
6701,0.0,421.191588083027,625.9161731861524,101.94833517082867
6702,0.0,421.191588083027,625.9161731861524,101.94833517082867
6703,0.0,421.191588083027,625.9161731861524,101.94833517082867
6704,0.0,421.191588083027,625.9161731861524,101.94833517082867
6705,0.0,421.191588083027,625.9161731861524,101.94833517082867
6706,0.0,421.191588083027,625.9161731861524,101.94833517082867
6707,0.0,421.191588083027,625.9161731861524,101.94833517082867
6708,0.0,421.191588083027,625.9161731861524,101.94833517082867
6709,0.0,421.191588083027,625.9161731861524,101.94833517082867
6710,0.0,421.191588083027,625.9161731861524,101.94833517082867
6711,0.0,421.191588083027,625.9161731861524,101.94833517082867
6712,0.0,421.191588083027,625.9161731861524,101.94833517082867
6713,0.0,421.191588083027,625.9161731861524,101.94833517082867
6714,0.0,421.191588083027,625.9161731861524,101.94833517082867
6715,0.0,421.191588083027,625.9161731861524,101.94833517082867
6716,0.0,421.191588083027,625.9161731861524,101.94833517082867
6717,0.0,421.191588083027,625.9161731861524,101.94833517082867
6718,0.0,421.191588083027,625.9161731861524,101.94833517082867
6719,0.0,421.191588083027,625.9161731861524,101.94833517082867
6720,0.0,7.655039707522064,660.980706787109,110.292744572957
6721,0.0,7.655039707522064,660.980706787109,110.292744572957
6722,0.0,7.655039707522064,660.980706787109,110.292744572957
6723,0.0,7.655039707522064,660.980706787109,110.292744572957
6724,0.0,7.655039707522064,660.980706787109,110.292744572957
6725,0.0,7.655039707522064,660.980706787109,110.292744572957
6726,0.0,7.655039707522064,660.980706787109,110.292744572957
6727,0.0,7.655039707522064,660.980706787109,110.292744572957
6728,0.0,7.655039707522064,660.980706787109,110.292744572957
6729,0.0,7.655039707522064,660.980706787109,110.292744572957
6730,0.0,7.655039707522064,660.980706787109,110.292744572957
6731,0.0,7.655039707522064,660.980706787109,110.292744572957
6732,0.0,7.655039707522064,660.980706787109,110.292744572957
6733,0.0,7.655039707522064,660.980706787109,110.292744572957
6734,0.0,7.655039707522064,660.980706787109,110.292744572957
6735,0.0,7.655039707522064,660.980706787109,110.292744572957
6736,0.0,7.655039707522064,660.980706787109,110.292744572957
6737,0.0,7.655039707522064,660.980706787109,110.292744572957
6738,0.0,7.655039707522064,660.980706787109,110.292744572957
6739,0.0,7.655039707522064,660.980706787109,110.292744572957
6740,0.0,7.655039707522064,660.980706787109,110.292744572957
6741,0.0,7.655039707522064,660.980706787109,110.292744572957
6742,0.0,7.655039707522064,660.980706787109,110.292744572957
6743,0.0,7.655039707522064,660.980706787109,110.292744572957
6744,0.0,24.012266157117665,577.7908757016144,113.013778305053
6745,0.0,24.012266157117665,577.7908757016144,113.013778305053
6746,0.0,24.012266157117665,577.7908757016144,113.013778305053
6747,0.0,24.012266157117665,577.7908757016144,113.013778305053
6748,0.0,24.012266157117665,577.7908757016144,113.013778305053
6749,0.0,24.012266157117665,577.7908757016144,113.013778305053
6750,0.0,24.012266157117665,577.7908757016144,113.013778305053
6751,0.0,24.012266157117665,577.7908757016144,113.013778305053
6752,0.0,24.012266157117665,577.7908757016144,113.013778305053
6753,0.0,24.012266157117665,577.7908757016144,113.013778305053
6754,0.0,24.012266157117665,577.7908757016144,113.013778305053
6755,0.0,24.012266157117665,577.7908757016144,113.013778305053
6756,0.0,24.012266157117665,577.7908757016144,113.013778305053
6757,0.0,24.012266157117665,577.7908757016144,113.013778305053
6758,0.0,24.012266157117665,577.7908757016144,113.013778305053
6759,0.0,24.012266157117665,577.7908757016144,113.013778305053
6760,0.0,24.012266157117665,577.7908757016144,113.013778305053
6761,0.0,24.012266157117665,577.7908757016144,113.013778305053
6762,0.0,24.012266157117665,577.7908757016144,113.013778305053
6763,0.0,24.012266157117665,577.7908757016144,113.013778305053
6764,0.0,24.012266157117665,577.7908757016144,113.013778305053
6765,0.0,24.012266157117665,577.7908757016144,113.013778305053
6766,0.0,24.012266157117665,577.7908757016144,113.013778305053
6767,0.0,24.012266157117665,577.7908757016144,113.013778305053
6768,0.0,576.8938536668047,637.0619129310945,111.91823885882368
6769,0.0,576.8938536668047,637.0619129310945,111.91823885882368
6770,0.0,576.8938536668047,637.0619129310945,111.91823885882368
6771,0.0,576.8938536668047,637.0619129310945,111.91823885882368
6772,0.0,576.8938536668047,637.0619129310945,111.91823885882368
6773,0.0,576.8938536668047,637.0619129310945,111.91823885882368
6774,0.0,576.8938536668047,637.0619129310945,111.91823885882368
6775,0.0,576.8938536668047,637.0619129310945,111.91823885882368
6776,0.0,576.8938536668047,637.0619129310945,111.91823885882368
6777,0.0,576.8938536668047,637.0619129310945,111.91823885882368
6778,0.0,576.8938536668047,637.0619129310945,111.91823885882368
6779,0.0,576.8938536668047,637.0619129310945,111.91823885882368
6780,0.0,576.8938536668047,637.0619129310945,111.91823885882368
6781,0.0,576.8938536668047,637.0619129310945,111.91823885882368
6782,0.0,576.8938536668047,637.0619129310945,111.91823885882368
6783,0.0,576.8938536668047,637.0619129310945,111.91823885882368
6784,0.0,576.8938536668047,637.0619129310945,111.91823885882368
6785,0.0,576.8938536668047,637.0619129310945,111.91823885882368
6786,0.0,576.8938536668047,637.0619129310945,111.91823885882368
6787,0.0,576.8938536668047,637.0619129310945,111.91823885882368
6788,0.0,576.8938536668047,637.0619129310945,111.91823885882368
6789,0.0,576.8938536668047,637.0619129310945,111.91823885882368
6790,0.0,576.8938536668047,637.0619129310945,111.91823885882368
6791,0.0,576.8938536668047,637.0619129310945,111.91823885882368
6792,0.0,479.94929555953695,570.5452673174992,119.574201329549
6793,0.0,479.94929555953695,570.5452673174992,119.574201329549
6794,0.0,479.94929555953695,570.5452673174992,119.574201329549
6795,0.0,479.94929555953695,570.5452673174992,119.574201329549
6796,0.0,479.94929555953695,570.5452673174992,119.574201329549
6797,0.0,479.94929555953695,570.5452673174992,119.574201329549
6798,0.0,479.94929555953695,570.5452673174992,119.574201329549
6799,0.0,479.94929555953695,570.5452673174992,119.574201329549
6800,0.0,479.94929555953695,570.5452673174992,119.574201329549
6801,0.0,479.94929555953695,570.5452673174992,119.574201329549
6802,0.0,479.94929555953695,570.5452673174992,119.574201329549
6803,0.0,479.94929555953695,570.5452673174992,119.574201329549
6804,0.0,479.94929555953695,570.5452673174992,119.574201329549
6805,0.0,479.94929555953695,570.5452673174992,119.574201329549
6806,0.0,479.94929555953695,570.5452673174992,119.574201329549
6807,0.0,479.94929555953695,570.5452673174992,119.574201329549
6808,0.0,479.94929555953695,570.5452673174992,119.574201329549
6809,0.0,479.94929555953695,570.5452673174992,119.574201329549
6810,0.0,479.94929555953695,570.5452673174992,119.574201329549
6811,0.0,479.94929555953695,570.5452673174992,119.574201329549
6812,0.0,479.94929555953695,570.5452673174992,119.574201329549
6813,0.0,479.94929555953695,570.5452673174992,119.574201329549
6814,0.0,479.94929555953695,570.5452673174992,119.574201329549
6815,0.0,479.94929555953695,570.5452673174992,119.574201329549
6816,0.0,476.23378448151107,626.782812499999,115.85705045034891
6817,0.0,476.23378448151107,626.782812499999,115.85705045034891
6818,0.0,476.23378448151107,626.782812499999,115.85705045034891
6819,0.0,476.23378448151107,626.782812499999,115.85705045034891
6820,0.0,476.23378448151107,626.782812499999,115.85705045034891
6821,0.0,476.23378448151107,626.782812499999,115.85705045034891
6822,0.0,476.23378448151107,626.782812499999,115.85705045034891
6823,0.0,476.23378448151107,626.782812499999,115.85705045034891
6824,0.0,476.23378448151107,626.782812499999,115.85705045034891
6825,0.0,476.23378448151107,626.782812499999,115.85705045034891
6826,0.0,476.23378448151107,626.782812499999,115.85705045034891
6827,0.0,476.23378448151107,626.782812499999,115.85705045034891
6828,0.0,476.23378448151107,626.782812499999,115.85705045034891
6829,0.0,476.23378448151107,626.782812499999,115.85705045034891
6830,0.0,476.23378448151107,626.782812499999,115.85705045034891
6831,0.0,476.23378448151107,626.782812499999,115.85705045034891
6832,0.0,476.23378448151107,626.782812499999,115.85705045034891
6833,0.0,476.23378448151107,626.782812499999,115.85705045034891
6834,0.0,476.23378448151107,626.782812499999,115.85705045034891
6835,0.0,476.23378448151107,626.782812499999,115.85705045034891
6836,0.0,476.23378448151107,626.782812499999,115.85705045034891
6837,0.0,476.23378448151107,626.782812499999,115.85705045034891
6838,0.0,476.23378448151107,626.782812499999,115.85705045034891
6839,0.0,476.23378448151107,626.782812499999,115.85705045034891
6840,0.0,770.0810012598977,627.277439371744,123.718626530965
6841,0.0,770.0810012598977,627.277439371744,123.718626530965
6842,0.0,770.0810012598977,627.277439371744,123.718626530965
6843,0.0,770.0810012598977,627.277439371744,123.718626530965
6844,0.0,770.0810012598977,627.277439371744,123.718626530965
6845,0.0,770.0810012598977,627.277439371744,123.718626530965
6846,0.0,770.0810012598977,627.277439371744,123.718626530965
6847,0.0,770.0810012598977,627.277439371744,123.718626530965
6848,0.0,770.0810012598977,627.277439371744,123.718626530965
6849,0.0,770.0810012598977,627.277439371744,123.718626530965
6850,0.0,770.0810012598977,627.277439371744,123.718626530965
6851,0.0,770.0810012598977,627.277439371744,123.718626530965
6852,0.0,770.0810012598977,627.277439371744,123.718626530965
6853,0.0,770.0810012598977,627.277439371744,123.718626530965
6854,0.0,770.0810012598977,627.277439371744,123.718626530965
6855,0.0,770.0810012598977,627.277439371744,123.718626530965
6856,0.0,770.0810012598977,627.277439371744,123.718626530965
6857,0.0,770.0810012598977,627.277439371744,123.718626530965
6858,0.0,770.0810012598977,627.277439371744,123.718626530965
6859,0.0,770.0810012598977,627.277439371744,123.718626530965
6860,0.0,770.0810012598977,627.277439371744,123.718626530965
6861,0.0,770.0810012598977,627.277439371744,123.718626530965
6862,0.0,770.0810012598977,627.277439371744,123.718626530965
6863,0.0,770.0810012598977,627.277439371744,123.718626530965
6864,0.0,617.4997194457592,617.549794514973,101.11860077871482
6865,0.0,617.4997194457592,617.549794514973,101.11860077871482
6866,0.0,617.4997194457592,617.549794514973,101.11860077871482
6867,0.0,617.4997194457592,617.549794514973,101.11860077871482
6868,0.0,617.4997194457592,617.549794514973,101.11860077871482
6869,0.0,617.4997194457592,617.549794514973,101.11860077871482
6870,0.0,617.4997194457592,617.549794514973,101.11860077871482
6871,0.0,617.4997194457592,617.549794514973,101.11860077871482
6872,0.0,617.4997194457592,617.549794514973,101.11860077871482
6873,0.0,617.4997194457592,617.549794514973,101.11860077871482
6874,0.0,617.4997194457592,617.549794514973,101.11860077871482
6875,0.0,617.4997194457592,617.549794514973,101.11860077871482
6876,0.0,617.4997194457592,617.549794514973,101.11860077871482
6877,0.0,617.4997194457592,617.549794514973,101.11860077871482
6878,0.0,617.4997194457592,617.549794514973,101.11860077871482
6879,0.0,617.4997194457592,617.549794514973,101.11860077871482
6880,0.0,617.4997194457592,617.549794514973,101.11860077871482
6881,0.0,617.4997194457592,617.549794514973,101.11860077871482
6882,0.0,617.4997194457592,617.549794514973,101.11860077871482
6883,0.0,617.4997194457592,617.549794514973,101.11860077871482
6884,0.0,617.4997194457592,617.549794514973,101.11860077871482
6885,0.0,617.4997194457592,617.549794514973,101.11860077871482
6886,0.0,617.4997194457592,617.549794514973,101.11860077871482
6887,0.0,617.4997194457592,617.549794514973,101.11860077871482
6888,0.0,752.4922661730225,604.744476318359,118.519005711873
6889,0.0,752.4922661730225,604.744476318359,118.519005711873
6890,0.0,752.4922661730225,604.744476318359,118.519005711873
6891,0.0,752.4922661730225,604.744476318359,118.519005711873
6892,0.0,752.4922661730225,604.744476318359,118.519005711873
6893,0.0,752.4922661730225,604.744476318359,118.519005711873
6894,0.0,752.4922661730225,604.744476318359,118.519005711873
6895,0.0,752.4922661730225,604.744476318359,118.519005711873
6896,0.0,752.4922661730225,604.744476318359,118.519005711873
6897,0.0,752.4922661730225,604.744476318359,118.519005711873
6898,0.0,752.4922661730225,604.744476318359,118.519005711873
6899,0.0,752.4922661730225,604.744476318359,118.519005711873
6900,0.0,752.4922661730225,604.744476318359,118.519005711873
6901,0.0,752.4922661730225,604.744476318359,118.519005711873
6902,0.0,752.4922661730225,604.744476318359,118.519005711873
6903,0.0,752.4922661730225,604.744476318359,118.519005711873
6904,0.0,752.4922661730225,604.744476318359,118.519005711873
6905,0.0,752.4922661730225,604.744476318359,118.519005711873
6906,0.0,752.4922661730225,604.744476318359,118.519005711873
6907,0.0,752.4922661730225,604.744476318359,118.519005711873
6908,0.0,752.4922661730225,604.744476318359,118.519005711873
6909,0.0,752.4922661730225,604.744476318359,118.519005711873
6910,0.0,752.4922661730225,604.744476318359,118.519005711873
6911,0.0,752.4922661730225,604.744476318359,118.519005711873
6912,0.0,1298.6294995311673,536.4274775772737,119.963382339477
6913,0.0,1298.6294995311673,536.4274775772737,119.963382339477
6914,0.0,1298.6294995311673,536.4274775772737,119.963382339477
6915,0.0,1298.6294995311673,536.4274775772737,119.963382339477
6916,0.0,1298.6294995311673,536.4274775772737,119.963382339477
6917,0.0,1298.6294995311673,536.4274775772737,119.963382339477
6918,0.0,1298.6294995311673,536.4274775772737,119.963382339477
6919,0.0,1298.6294995311673,536.4274775772737,119.963382339477
6920,0.0,1298.6294995311673,536.4274775772737,119.963382339477
6921,0.0,1298.6294995311673,536.4274775772737,119.963382339477
6922,0.0,1298.6294995311673,536.4274775772737,119.963382339477
6923,0.0,1298.6294995311673,536.4274775772737,119.963382339477
6924,0.0,1298.6294995311673,536.4274775772737,119.963382339477
6925,0.0,1298.6294995311673,536.4274775772737,119.963382339477
6926,0.0,1298.6294995311673,536.4274775772737,119.963382339477
6927,0.0,1298.6294995311673,536.4274775772737,119.963382339477
6928,0.0,1298.6294995311673,536.4274775772737,119.963382339477
6929,0.0,1298.6294995311673,536.4274775772737,119.963382339477
6930,0.0,1298.6294995311673,536.4274775772737,119.963382339477
6931,0.0,1298.6294995311673,536.4274775772737,119.963382339477
6932,0.0,1298.6294995311673,536.4274775772737,119.963382339477
6933,0.0,1298.6294995311673,536.4274775772737,119.963382339477
6934,0.0,1298.6294995311673,536.4274775772737,119.963382339477
6935,0.0,1298.6294995311673,536.4274775772737,119.963382339477
6936,0.0,902.7524872181639,597.847191365559,37.57116940205725
6937,0.0,902.7524872181639,597.847191365559,37.57116940205725
6938,0.0,902.7524872181639,597.847191365559,37.57116940205725
6939,0.0,902.7524872181639,597.847191365559,37.57116940205725
6940,0.0,902.7524872181639,597.847191365559,37.57116940205725
6941,0.0,902.7524872181639,597.847191365559,37.57116940205725
6942,0.0,902.7524872181639,597.847191365559,37.57116940205725
6943,0.0,902.7524872181639,597.847191365559,37.57116940205725
6944,0.0,902.7524872181639,597.847191365559,37.57116940205725
6945,0.0,902.7524872181639,597.847191365559,37.57116940205725
6946,0.0,902.7524872181639,597.847191365559,37.57116940205725
6947,0.0,902.7524872181639,597.847191365559,37.57116940205725
6948,0.0,902.7524872181639,597.847191365559,37.57116940205725
6949,0.0,902.7524872181639,597.847191365559,37.57116940205725
6950,0.0,902.7524872181639,597.847191365559,37.57116940205725
6951,0.0,902.7524872181639,597.847191365559,37.57116940205725
6952,0.0,902.7524872181639,597.847191365559,37.57116940205725
6953,0.0,902.7524872181639,597.847191365559,37.57116940205725
6954,0.0,902.7524872181639,597.847191365559,37.57116940205725
6955,0.0,902.7524872181639,597.847191365559,37.57116940205725
6956,0.0,902.7524872181639,597.847191365559,37.57116940205725
6957,0.0,902.7524872181639,597.847191365559,37.57116940205725
6958,0.0,902.7524872181639,597.847191365559,37.57116940205725
6959,0.0,902.7524872181639,597.847191365559,37.57116940205725
6960,0.0,635.2868825098417,594.494725545247,40.09205786682962
6961,0.0,635.2868825098417,594.494725545247,40.09205786682962
6962,0.0,635.2868825098417,594.494725545247,40.09205786682962
6963,0.0,635.2868825098417,594.494725545247,40.09205786682962
6964,0.0,635.2868825098417,594.494725545247,40.09205786682962
6965,0.0,635.2868825098417,594.494725545247,40.09205786682962
6966,0.0,635.2868825098417,594.494725545247,40.09205786682962
6967,0.0,635.2868825098417,594.494725545247,40.09205786682962
6968,0.0,635.2868825098417,594.494725545247,40.09205786682962
6969,0.0,635.2868825098417,594.494725545247,40.09205786682962
6970,0.0,635.2868825098417,594.494725545247,40.09205786682962
6971,0.0,635.2868825098417,594.494725545247,40.09205786682962
6972,0.0,635.2868825098417,594.494725545247,40.09205786682962
6973,0.0,635.2868825098417,594.494725545247,40.09205786682962
6974,0.0,635.2868825098417,594.494725545247,40.09205786682962
6975,0.0,635.2868825098417,594.494725545247,40.09205786682962
6976,0.0,635.2868825098417,594.494725545247,40.09205786682962
6977,0.0,635.2868825098417,594.494725545247,40.09205786682962
6978,0.0,635.2868825098417,594.494725545247,40.09205786682962
6979,0.0,635.2868825098417,594.494725545247,40.09205786682962
6980,0.0,635.2868825098417,594.494725545247,40.09205786682962
6981,0.0,635.2868825098417,594.494725545247,40.09205786682962
6982,0.0,635.2868825098417,594.494725545247,40.09205786682962
6983,0.0,635.2868825098417,594.494725545247,40.09205786682962
6984,0.0,940.4474420774441,591.673523966471,79.92785533076017
6985,0.0,940.4474420774441,591.673523966471,79.92785533076017
6986,0.0,940.4474420774441,591.673523966471,79.92785533076017
6987,0.0,940.4474420774441,591.673523966471,79.92785533076017
6988,0.0,940.4474420774441,591.673523966471,79.92785533076017
6989,0.0,940.4474420774441,591.673523966471,79.92785533076017
6990,0.0,940.4474420774441,591.673523966471,79.92785533076017
6991,0.0,940.4474420774441,591.673523966471,79.92785533076017
6992,0.0,940.4474420774441,591.673523966471,79.92785533076017
6993,0.0,940.4474420774441,591.673523966471,79.92785533076017
6994,0.0,940.4474420774441,591.673523966471,79.92785533076017
6995,0.0,940.4474420774441,591.673523966471,79.92785533076017
6996,0.0,940.4474420774441,591.673523966471,79.92785533076017
6997,0.0,940.4474420774441,591.673523966471,79.92785533076017
6998,0.0,940.4474420774441,591.673523966471,79.92785533076017
6999,0.0,940.4474420774441,591.673523966471,79.92785533076017
7000,0.0,940.4474420774441,591.673523966471,79.92785533076017
7001,0.0,940.4474420774441,591.673523966471,79.92785533076017
7002,0.0,940.4474420774441,591.673523966471,79.92785533076017
7003,0.0,940.4474420774441,591.673523966471,79.92785533076017
7004,0.0,940.4474420774441,591.673523966471,79.92785533076017
7005,0.0,940.4474420774441,591.673523966471,79.92785533076017
7006,0.0,940.4474420774441,591.673523966471,79.92785533076017
7007,0.0,940.4474420774441,591.673523966471,79.92785533076017
7008,0.0,844.0910518436526,589.667540486653,57.03435497366246
7009,0.0,844.0910518436526,589.667540486653,57.03435497366246
7010,0.0,844.0910518436526,589.667540486653,57.03435497366246
7011,0.0,844.0910518436526,589.667540486653,57.03435497366246
7012,0.0,844.0910518436526,589.667540486653,57.03435497366246
7013,0.0,844.0910518436526,589.667540486653,57.03435497366246
7014,0.0,844.0910518436526,589.667540486653,57.03435497366246
7015,0.0,844.0910518436526,589.667540486653,57.03435497366246
7016,0.0,844.0910518436526,589.667540486653,57.03435497366246
7017,0.0,844.0910518436526,589.667540486653,57.03435497366246
7018,0.0,844.0910518436526,589.667540486653,57.03435497366246
7019,0.0,844.0910518436526,589.667540486653,57.03435497366246
7020,0.0,844.0910518436526,589.667540486653,57.03435497366246
7021,0.0,844.0910518436526,589.667540486653,57.03435497366246
7022,0.0,844.0910518436526,589.667540486653,57.03435497366246
7023,0.0,844.0910518436526,589.667540486653,57.03435497366246
7024,0.0,844.0910518436526,589.667540486653,57.03435497366246
7025,0.0,844.0910518436526,589.667540486653,57.03435497366246
7026,0.0,844.0910518436526,589.667540486653,57.03435497366246
7027,0.0,844.0910518436526,589.667540486653,57.03435497366246
7028,0.0,844.0910518436526,589.667540486653,57.03435497366246
7029,0.0,844.0910518436526,589.667540486653,57.03435497366246
7030,0.0,844.0910518436526,589.667540486653,57.03435497366246
7031,0.0,844.0910518436526,589.667540486653,57.03435497366246
7032,0.0,481.96549038696367,578.785765584309,125.15479662607854
7033,0.0,481.96549038696367,578.785765584309,125.15479662607854
7034,0.0,481.96549038696367,578.785765584309,125.15479662607854
7035,0.0,481.96549038696367,578.785765584309,125.15479662607854
7036,0.0,481.96549038696367,578.785765584309,125.15479662607854
7037,0.0,481.96549038696367,578.785765584309,125.15479662607854
7038,0.0,481.96549038696367,578.785765584309,125.15479662607854
7039,0.0,481.96549038696367,578.785765584309,125.15479662607854
7040,0.0,481.96549038696367,578.785765584309,125.15479662607854
7041,0.0,481.96549038696367,578.785765584309,125.15479662607854
7042,0.0,481.96549038696367,578.785765584309,125.15479662607854
7043,0.0,481.96549038696367,578.785765584309,125.15479662607854
7044,0.0,481.96549038696367,578.785765584309,125.15479662607854
7045,0.0,481.96549038696367,578.785765584309,125.15479662607854
7046,0.0,481.96549038696367,578.785765584309,125.15479662607854
7047,0.0,481.96549038696367,578.785765584309,125.15479662607854
7048,0.0,481.96549038696367,578.785765584309,125.15479662607854
7049,0.0,481.96549038696367,578.785765584309,125.15479662607854
7050,0.0,481.96549038696367,578.785765584309,125.15479662607854
7051,0.0,481.96549038696367,578.785765584309,125.15479662607854
7052,0.0,481.96549038696367,578.785765584309,125.15479662607854
7053,0.0,481.96549038696367,578.785765584309,125.15479662607854
7054,0.0,481.96549038696367,578.785765584309,125.15479662607854
7055,0.0,481.96549038696367,578.785765584309,125.15479662607854
7056,0.0,671.9942038077747,582.990086873372,42.39603778642089
7057,0.0,671.9942038077747,582.990086873372,42.39603778642089
7058,0.0,671.9942038077747,582.990086873372,42.39603778642089
7059,0.0,671.9942038077747,582.990086873372,42.39603778642089
7060,0.0,671.9942038077747,582.990086873372,42.39603778642089
7061,0.0,671.9942038077747,582.990086873372,42.39603778642089
7062,0.0,671.9942038077747,582.990086873372,42.39603778642089
7063,0.0,671.9942038077747,582.990086873372,42.39603778642089
7064,0.0,671.9942038077747,582.990086873372,42.39603778642089
7065,0.0,671.9942038077747,582.990086873372,42.39603778642089
7066,0.0,671.9942038077747,582.990086873372,42.39603778642089
7067,0.0,671.9942038077747,582.990086873372,42.39603778642089
7068,0.0,671.9942038077747,582.990086873372,42.39603778642089
7069,0.0,671.9942038077747,582.990086873372,42.39603778642089
7070,0.0,671.9942038077747,582.990086873372,42.39603778642089
7071,0.0,671.9942038077747,582.990086873372,42.39603778642089
7072,0.0,671.9942038077747,582.990086873372,42.39603778642089
7073,0.0,671.9942038077747,582.990086873372,42.39603778642089
7074,0.0,671.9942038077747,582.990086873372,42.39603778642089
7075,0.0,671.9942038077747,582.990086873372,42.39603778642089
7076,0.0,671.9942038077747,582.990086873372,42.39603778642089
7077,0.0,671.9942038077747,582.990086873372,42.39603778642089
7078,0.0,671.9942038077747,582.990086873372,42.39603778642089
7079,0.0,671.9942038077747,582.990086873372,42.39603778642089
7080,0.0,1100.1583613392977,590.501076253255,111.9644012925302
7081,0.0,1100.1583613392977,590.501076253255,111.9644012925302
7082,0.0,1100.1583613392977,590.501076253255,111.9644012925302
7083,0.0,1100.1583613392977,590.501076253255,111.9644012925302
7084,0.0,1100.1583613392977,590.501076253255,111.9644012925302
7085,0.0,1100.1583613392977,590.501076253255,111.9644012925302
7086,0.0,1100.1583613392977,590.501076253255,111.9644012925302
7087,0.0,1100.1583613392977,590.501076253255,111.9644012925302
7088,0.0,1100.1583613392977,590.501076253255,111.9644012925302
7089,0.0,1100.1583613392977,590.501076253255,111.9644012925302
7090,0.0,1100.1583613392977,590.501076253255,111.9644012925302
7091,0.0,1100.1583613392977,590.501076253255,111.9644012925302
7092,0.0,1100.1583613392977,590.501076253255,111.9644012925302
7093,0.0,1100.1583613392977,590.501076253255,111.9644012925302
7094,0.0,1100.1583613392977,590.501076253255,111.9644012925302
7095,0.0,1100.1583613392977,590.501076253255,111.9644012925302
7096,0.0,1100.1583613392977,590.501076253255,111.9644012925302
7097,0.0,1100.1583613392977,590.501076253255,111.9644012925302
7098,0.0,1100.1583613392977,590.501076253255,111.9644012925302
7099,0.0,1100.1583613392977,590.501076253255,111.9644012925302
7100,0.0,1100.1583613392977,590.501076253255,111.9644012925302
7101,0.0,1100.1583613392977,590.501076253255,111.9644012925302
7102,0.0,1100.1583613392977,590.501076253255,111.9644012925302
7103,0.0,1100.1583613392977,590.501076253255,111.9644012925302
7104,0.0,1237.098783746755,595.392378743489,120.91325740573538
7105,0.0,1237.098783746755,595.392378743489,120.91325740573538
7106,0.0,1237.098783746755,595.392378743489,120.91325740573538
7107,0.0,1237.098783746755,595.392378743489,120.91325740573538
7108,0.0,1237.098783746755,595.392378743489,120.91325740573538
7109,0.0,1237.098783746755,595.392378743489,120.91325740573538
7110,0.0,1237.098783746755,595.392378743489,120.91325740573538
7111,0.0,1237.098783746755,595.392378743489,120.91325740573538
7112,0.0,1237.098783746755,595.392378743489,120.91325740573538
7113,0.0,1237.098783746755,595.392378743489,120.91325740573538
7114,0.0,1237.098783746755,595.392378743489,120.91325740573538
7115,0.0,1237.098783746755,595.392378743489,120.91325740573538
7116,0.0,1237.098783746755,595.392378743489,120.91325740573538
7117,0.0,1237.098783746755,595.392378743489,120.91325740573538
7118,0.0,1237.098783746755,595.392378743489,120.91325740573538
7119,0.0,1237.098783746755,595.392378743489,120.91325740573538
7120,0.0,1237.098783746755,595.392378743489,120.91325740573538
7121,0.0,1237.098783746755,595.392378743489,120.91325740573538
7122,0.0,1237.098783746755,595.392378743489,120.91325740573538
7123,0.0,1237.098783746755,595.392378743489,120.91325740573538
7124,0.0,1237.098783746755,595.392378743489,120.91325740573538
7125,0.0,1237.098783746755,595.392378743489,120.91325740573538
7126,0.0,1237.098783746755,595.392378743489,120.91325740573538
7127,0.0,1237.098783746755,595.392378743489,120.91325740573538
7128,0.0,1467.2612076524272,604.407230286938,66.75764616645858
7129,0.0,1467.2612076524272,604.407230286938,66.75764616645858
7130,0.0,1467.2612076524272,604.407230286938,66.75764616645858
7131,0.0,1467.2612076524272,604.407230286938,66.75764616645858
7132,0.0,1467.2612076524272,604.407230286938,66.75764616645858
7133,0.0,1467.2612076524272,604.407230286938,66.75764616645858
7134,0.0,1467.2612076524272,604.407230286938,66.75764616645858
7135,0.0,1467.2612076524272,604.407230286938,66.75764616645858
7136,0.0,1467.2612076524272,604.407230286938,66.75764616645858
7137,0.0,1467.2612076524272,604.407230286938,66.75764616645858
7138,0.0,1467.2612076524272,604.407230286938,66.75764616645858
7139,0.0,1467.2612076524272,604.407230286938,66.75764616645858
7140,0.0,1467.2612076524272,604.407230286938,66.75764616645858
7141,0.0,1467.2612076524272,604.407230286938,66.75764616645858
7142,0.0,1467.2612076524272,604.407230286938,66.75764616645858
7143,0.0,1467.2612076524272,604.407230286938,66.75764616645858
7144,0.0,1467.2612076524272,604.407230286938,66.75764616645858
7145,0.0,1467.2612076524272,604.407230286938,66.75764616645858
7146,0.0,1467.2612076524272,604.407230286938,66.75764616645858
7147,0.0,1467.2612076524272,604.407230286938,66.75764616645858
7148,0.0,1467.2612076524272,604.407230286938,66.75764616645858
7149,0.0,1467.2612076524272,604.407230286938,66.75764616645858
7150,0.0,1467.2612076524272,604.407230286938,66.75764616645858
7151,0.0,1467.2612076524272,604.407230286938,66.75764616645858
7152,0.0,1059.508788894025,606.988612874348,22.192136231871388
7153,0.0,1059.508788894025,606.988612874348,22.192136231871388
7154,0.0,1059.508788894025,606.988612874348,22.192136231871388
7155,0.0,1059.508788894025,606.988612874348,22.192136231871388
7156,0.0,1059.508788894025,606.988612874348,22.192136231871388
7157,0.0,1059.508788894025,606.988612874348,22.192136231871388
7158,0.0,1059.508788894025,606.988612874348,22.192136231871388
7159,0.0,1059.508788894025,606.988612874348,22.192136231871388
7160,0.0,1059.508788894025,606.988612874348,22.192136231871388
7161,0.0,1059.508788894025,606.988612874348,22.192136231871388
7162,0.0,1059.508788894025,606.988612874348,22.192136231871388
7163,0.0,1059.508788894025,606.988612874348,22.192136231871388
7164,0.0,1059.508788894025,606.988612874348,22.192136231871388
7165,0.0,1059.508788894025,606.988612874348,22.192136231871388
7166,0.0,1059.508788894025,606.988612874348,22.192136231871388
7167,0.0,1059.508788894025,606.988612874348,22.192136231871388
7168,0.0,1059.508788894025,606.988612874348,22.192136231871388
7169,0.0,1059.508788894025,606.988612874348,22.192136231871388
7170,0.0,1059.508788894025,606.988612874348,22.192136231871388
7171,0.0,1059.508788894025,606.988612874348,22.192136231871388
7172,0.0,1059.508788894025,606.988612874348,22.192136231871388
7173,0.0,1059.508788894025,606.988612874348,22.192136231871388
7174,0.0,1059.508788894025,606.988612874348,22.192136231871388
7175,0.0,1059.508788894025,606.988612874348,22.192136231871388
7176,0.0,1057.495152017878,613.253877766927,101.34054899513316
7177,0.0,1057.495152017878,613.253877766927,101.34054899513316
7178,0.0,1057.495152017878,613.253877766927,101.34054899513316
7179,0.0,1057.495152017878,613.253877766927,101.34054899513316
7180,0.0,1057.495152017878,613.253877766927,101.34054899513316
7181,0.0,1057.495152017878,613.253877766927,101.34054899513316
7182,0.0,1057.495152017878,613.253877766927,101.34054899513316
7183,0.0,1057.495152017878,613.253877766927,101.34054899513316
7184,0.0,1057.495152017878,613.253877766927,101.34054899513316
7185,0.0,1057.495152017878,613.253877766927,101.34054899513316
7186,0.0,1057.495152017878,613.253877766927,101.34054899513316
7187,0.0,1057.495152017878,613.253877766927,101.34054899513316
7188,0.0,1057.495152017878,613.253877766927,101.34054899513316
7189,0.0,1057.495152017878,613.253877766927,101.34054899513316
7190,0.0,1057.495152017878,613.253877766927,101.34054899513316
7191,0.0,1057.495152017878,613.253877766927,101.34054899513316
7192,0.0,1057.495152017878,613.253877766927,101.34054899513316
7193,0.0,1057.495152017878,613.253877766927,101.34054899513316
7194,0.0,1057.495152017878,613.253877766927,101.34054899513316
7195,0.0,1057.495152017878,613.253877766927,101.34054899513316
7196,0.0,1057.495152017878,613.253877766927,101.34054899513316
7197,0.0,1057.495152017878,613.253877766927,101.34054899513316
7198,0.0,1057.495152017878,613.253877766927,101.34054899513316
7199,0.0,1057.495152017878,613.253877766927,101.34054899513316
7200,0.0,944.0913982074774,615.12246500651,72.56354029074305
7201,0.0,944.0913982074774,615.12246500651,72.56354029074305
7202,0.0,944.0913982074774,615.12246500651,72.56354029074305
7203,0.0,944.0913982074774,615.12246500651,72.56354029074305
7204,0.0,944.0913982074774,615.12246500651,72.56354029074305
7205,0.0,944.0913982074774,615.12246500651,72.56354029074305
7206,0.0,944.0913982074774,615.12246500651,72.56354029074305
7207,0.0,944.0913982074774,615.12246500651,72.56354029074305
7208,0.0,944.0913982074774,615.12246500651,72.56354029074305
7209,0.0,944.0913982074774,615.12246500651,72.56354029074305
7210,0.0,944.0913982074774,615.12246500651,72.56354029074305
7211,0.0,944.0913982074774,615.12246500651,72.56354029074305
7212,0.0,944.0913982074774,615.12246500651,72.56354029074305
7213,0.0,944.0913982074774,615.12246500651,72.56354029074305
7214,0.0,944.0913982074774,615.12246500651,72.56354029074305
7215,0.0,944.0913982074774,615.12246500651,72.56354029074305
7216,0.0,944.0913982074774,615.12246500651,72.56354029074305
7217,0.0,944.0913982074774,615.12246500651,72.56354029074305
7218,0.0,944.0913982074774,615.12246500651,72.56354029074305
7219,0.0,944.0913982074774,615.12246500651,72.56354029074305
7220,0.0,944.0913982074774,615.12246500651,72.56354029074305
7221,0.0,944.0913982074774,615.12246500651,72.56354029074305
7222,0.0,944.0913982074774,615.12246500651,72.56354029074305
7223,0.0,944.0913982074774,615.12246500651,72.56354029074305
7224,0.0,942.675579691745,616.936092122395,168.961248779296
7225,0.0,942.675579691745,616.936092122395,168.961248779296
7226,0.0,942.675579691745,616.936092122395,168.961248779296
7227,0.0,942.675579691745,616.936092122395,168.961248779296
7228,0.0,942.675579691745,616.936092122395,168.961248779296
7229,0.0,942.675579691745,616.936092122395,168.961248779296
7230,0.0,942.675579691745,616.936092122395,168.961248779296
7231,0.0,942.675579691745,616.936092122395,168.961248779296
7232,0.0,942.675579691745,616.936092122395,168.961248779296
7233,0.0,942.675579691745,616.936092122395,168.961248779296
7234,0.0,942.675579691745,616.936092122395,168.961248779296
7235,0.0,942.675579691745,616.936092122395,168.961248779296
7236,0.0,942.675579691745,616.936092122395,168.961248779296
7237,0.0,942.675579691745,616.936092122395,168.961248779296
7238,0.0,942.675579691745,616.936092122395,168.961248779296
7239,0.0,942.675579691745,616.936092122395,168.961248779296
7240,0.0,942.675579691745,616.936092122395,168.961248779296
7241,0.0,942.675579691745,616.936092122395,168.961248779296
7242,0.0,942.675579691745,616.936092122395,168.961248779296
7243,0.0,942.675579691745,616.936092122395,168.961248779296
7244,0.0,942.675579691745,616.936092122395,168.961248779296
7245,0.0,942.675579691745,616.936092122395,168.961248779296
7246,0.0,942.675579691745,616.936092122395,168.961248779296
7247,0.0,942.675579691745,616.936092122395,168.961248779296
7248,0.0,890.3235921688633,622.706728108723,148.39510947242317
7249,0.0,890.3235921688633,622.706728108723,148.39510947242317
7250,0.0,890.3235921688633,622.706728108723,148.39510947242317
7251,0.0,890.3235921688633,622.706728108723,148.39510947242317
7252,0.0,890.3235921688633,622.706728108723,148.39510947242317
7253,0.0,890.3235921688633,622.706728108723,148.39510947242317
7254,0.0,890.3235921688633,622.706728108723,148.39510947242317
7255,0.0,890.3235921688633,622.706728108723,148.39510947242317
7256,0.0,890.3235921688633,622.706728108723,148.39510947242317
7257,0.0,890.3235921688633,622.706728108723,148.39510947242317
7258,0.0,890.3235921688633,622.706728108723,148.39510947242317
7259,0.0,890.3235921688633,622.706728108723,148.39510947242317
7260,0.0,890.3235921688633,622.706728108723,148.39510947242317
7261,0.0,890.3235921688633,622.706728108723,148.39510947242317
7262,0.0,890.3235921688633,622.706728108723,148.39510947242317
7263,0.0,890.3235921688633,622.706728108723,148.39510947242317
7264,0.0,890.3235921688633,622.706728108723,148.39510947242317
7265,0.0,890.3235921688633,622.706728108723,148.39510947242317
7266,0.0,890.3235921688633,622.706728108723,148.39510947242317
7267,0.0,890.3235921688633,622.706728108723,148.39510947242317
7268,0.0,890.3235921688633,622.706728108723,148.39510947242317
7269,0.0,890.3235921688633,622.706728108723,148.39510947242317
7270,0.0,890.3235921688633,622.706728108723,148.39510947242317
7271,0.0,890.3235921688633,622.706728108723,148.39510947242317
7272,0.0,678.456906182292,623.476145426432,80.9365813826629
7273,0.0,678.456906182292,623.476145426432,80.9365813826629
7274,0.0,678.456906182292,623.476145426432,80.9365813826629
7275,0.0,678.456906182292,623.476145426432,80.9365813826629
7276,0.0,678.456906182292,623.476145426432,80.9365813826629
7277,0.0,678.456906182292,623.476145426432,80.9365813826629
7278,0.0,678.456906182292,623.476145426432,80.9365813826629
7279,0.0,678.456906182292,623.476145426432,80.9365813826629
7280,0.0,678.456906182292,623.476145426432,80.9365813826629
7281,0.0,678.456906182292,623.476145426432,80.9365813826629
7282,0.0,678.456906182292,623.476145426432,80.9365813826629
7283,0.0,678.456906182292,623.476145426432,80.9365813826629
7284,0.0,678.456906182292,623.476145426432,80.9365813826629
7285,0.0,678.456906182292,623.476145426432,80.9365813826629
7286,0.0,678.456906182292,623.476145426432,80.9365813826629
7287,0.0,678.456906182292,623.476145426432,80.9365813826629
7288,0.0,678.456906182292,623.476145426432,80.9365813826629
7289,0.0,678.456906182292,623.476145426432,80.9365813826629
7290,0.0,678.456906182292,623.476145426432,80.9365813826629
7291,0.0,678.456906182292,623.476145426432,80.9365813826629
7292,0.0,678.456906182292,623.476145426432,80.9365813826629
7293,0.0,678.456906182292,623.476145426432,80.9365813826629
7294,0.0,678.456906182292,623.476145426432,80.9365813826629
7295,0.0,678.456906182292,623.476145426432,80.9365813826629
7296,0.0,487.353451500089,557.1668699811245,32.65754264781319
7297,0.0,487.353451500089,557.1668699811245,32.65754264781319
7298,0.0,487.353451500089,557.1668699811245,32.65754264781319
7299,0.0,487.353451500089,557.1668699811245,32.65754264781319
7300,0.0,487.353451500089,557.1668699811245,32.65754264781319
7301,0.0,487.353451500089,557.1668699811245,32.65754264781319
7302,0.0,487.353451500089,557.1668699811245,32.65754264781319
7303,0.0,487.353451500089,557.1668699811245,32.65754264781319
7304,0.0,487.353451500089,557.1668699811245,32.65754264781319
7305,0.0,487.353451500089,557.1668699811245,32.65754264781319
7306,0.0,487.353451500089,557.1668699811245,32.65754264781319
7307,0.0,487.353451500089,557.1668699811245,32.65754264781319
7308,0.0,487.353451500089,557.1668699811245,32.65754264781319
7309,0.0,487.353451500089,557.1668699811245,32.65754264781319
7310,0.0,487.353451500089,557.1668699811245,32.65754264781319
7311,0.0,487.353451500089,557.1668699811245,32.65754264781319
7312,0.0,487.353451500089,557.1668699811245,32.65754264781319
7313,0.0,487.353451500089,557.1668699811245,32.65754264781319
7314,0.0,487.353451500089,557.1668699811245,32.65754264781319
7315,0.0,487.353451500089,557.1668699811245,32.65754264781319
7316,0.0,487.353451500089,557.1668699811245,32.65754264781319
7317,0.0,487.353451500089,557.1668699811245,32.65754264781319
7318,0.0,487.353451500089,557.1668699811245,32.65754264781319
7319,0.0,487.353451500089,557.1668699811245,32.65754264781319
7320,0.0,0.0,643.535979207356,109.88710809465442
7321,0.0,0.0,643.535979207356,109.88710809465442
7322,0.0,0.0,643.535979207356,109.88710809465442
7323,0.0,0.0,643.535979207356,109.88710809465442
7324,0.0,0.0,643.535979207356,109.88710809465442
7325,0.0,0.0,643.535979207356,109.88710809465442
7326,0.0,0.0,643.535979207356,109.88710809465442
7327,0.0,0.0,643.535979207356,109.88710809465442
7328,0.0,0.0,643.535979207356,109.88710809465442
7329,0.0,0.0,643.535979207356,109.88710809465442
7330,0.0,0.0,643.535979207356,109.88710809465442
7331,0.0,0.0,643.535979207356,109.88710809465442
7332,0.0,0.0,643.535979207356,109.88710809465442
7333,0.0,0.0,643.535979207356,109.88710809465442
7334,0.0,0.0,643.535979207356,109.88710809465442
7335,0.0,0.0,643.535979207356,109.88710809465442
7336,0.0,0.0,643.535979207356,109.88710809465442
7337,0.0,0.0,643.535979207356,109.88710809465442
7338,0.0,0.0,643.535979207356,109.88710809465442
7339,0.0,0.0,643.535979207356,109.88710809465442
7340,0.0,0.0,643.535979207356,109.88710809465442
7341,0.0,0.0,643.535979207356,109.88710809465442
7342,0.0,0.0,643.535979207356,109.88710809465442
7343,0.0,0.0,643.535979207356,109.88710809465442
7344,13.3620263003817,425.0569973411159,644.415314737955,100.82532911775479
7345,13.3620263003817,425.0569973411159,644.415314737955,100.82532911775479
7346,13.3620263003817,425.0569973411159,644.415314737955,100.82532911775479
7347,13.3620263003817,425.0569973411159,644.415314737955,100.82532911775479
7348,13.3620263003817,425.0569973411159,644.415314737955,100.82532911775479
7349,13.3620263003817,425.0569973411159,644.415314737955,100.82532911775479
7350,13.3620263003817,425.0569973411159,644.415314737955,100.82532911775479
7351,13.3620263003817,425.0569973411159,644.415314737955,100.82532911775479
7352,13.3620263003817,425.0569973411159,644.415314737955,100.82532911775479
7353,13.3620263003817,425.0569973411159,644.415314737955,100.82532911775479
7354,13.3620263003817,425.0569973411159,644.415314737955,100.82532911775479
7355,13.3620263003817,425.0569973411159,644.415314737955,100.82532911775479
7356,13.3620263003817,425.0569973411159,644.415314737955,100.82532911775479
7357,13.3620263003817,425.0569973411159,644.415314737955,100.82532911775479
7358,13.3620263003817,425.0569973411159,644.415314737955,100.82532911775479
7359,13.3620263003817,425.0569973411159,644.415314737955,100.82532911775479
7360,13.3620263003817,425.0569973411159,644.415314737955,100.82532911775479
7361,13.3620263003817,425.0569973411159,644.415314737955,100.82532911775479
7362,13.3620263003817,425.0569973411159,644.415314737955,100.82532911775479
7363,13.3620263003817,425.0569973411159,644.415314737955,100.82532911775479
7364,13.3620263003817,425.0569973411159,644.415314737955,100.82532911775479
7365,13.3620263003817,425.0569973411159,644.415314737955,100.82532911775479
7366,13.3620263003817,425.0569973411159,644.415314737955,100.82532911775479
7367,13.3620263003817,425.0569973411159,644.415314737955,100.82532911775479
7368,38.060454284142,766.7701312519664,646.833486938476,144.55756130862926
7369,38.060454284142,766.7701312519664,646.833486938476,144.55756130862926
7370,38.060454284142,766.7701312519664,646.833486938476,144.55756130862926
7371,38.060454284142,766.7701312519664,646.833486938476,144.55756130862926
7372,38.060454284142,766.7701312519664,646.833486938476,144.55756130862926
7373,38.060454284142,766.7701312519664,646.833486938476,144.55756130862926
7374,38.060454284142,766.7701312519664,646.833486938476,144.55756130862926
7375,38.060454284142,766.7701312519664,646.833486938476,144.55756130862926
7376,38.060454284142,766.7701312519664,646.833486938476,144.55756130862926
7377,38.060454284142,766.7701312519664,646.833486938476,144.55756130862926
7378,38.060454284142,766.7701312519664,646.833486938476,144.55756130862926
7379,38.060454284142,766.7701312519664,646.833486938476,144.55756130862926
7380,38.060454284142,766.7701312519664,646.833486938476,144.55756130862926
7381,38.060454284142,766.7701312519664,646.833486938476,144.55756130862926
7382,38.060454284142,766.7701312519664,646.833486938476,144.55756130862926
7383,38.060454284142,766.7701312519664,646.833486938476,144.55756130862926
7384,38.060454284142,766.7701312519664,646.833486938476,144.55756130862926
7385,38.060454284142,766.7701312519664,646.833486938476,144.55756130862926
7386,38.060454284142,766.7701312519664,646.833486938476,144.55756130862926
7387,38.060454284142,766.7701312519664,646.833486938476,144.55756130862926
7388,38.060454284142,766.7701312519664,646.833486938476,144.55756130862926
7389,38.060454284142,766.7701312519664,646.833486938476,144.55756130862926
7390,38.060454284142,766.7701312519664,646.833486938476,144.55756130862926
7391,38.060454284142,766.7701312519664,646.833486938476,144.55756130862926
7392,57.1661316994587,891.285702266025,653.81321105957,79.13692078172517
7393,57.1661316994587,891.285702266025,653.81321105957,79.13692078172517
7394,57.1661316994587,891.285702266025,653.81321105957,79.13692078172517
7395,57.1661316994587,891.285702266025,653.81321105957,79.13692078172517
7396,57.1661316994587,891.285702266025,653.81321105957,79.13692078172517
7397,57.1661316994587,891.285702266025,653.81321105957,79.13692078172517
7398,57.1661316994587,891.285702266025,653.81321105957,79.13692078172517
7399,57.1661316994587,891.285702266025,653.81321105957,79.13692078172517
7400,57.1661316994587,891.285702266025,653.81321105957,79.13692078172517
7401,57.1661316994587,891.285702266025,653.81321105957,79.13692078172517
7402,57.1661316994587,891.285702266025,653.81321105957,79.13692078172517
7403,57.1661316994587,891.285702266025,653.81321105957,79.13692078172517
7404,57.1661316994587,891.285702266025,653.81321105957,79.13692078172517
7405,57.1661316994587,891.285702266025,653.81321105957,79.13692078172517
7406,57.1661316994587,891.285702266025,653.81321105957,79.13692078172517
7407,57.1661316994587,891.285702266025,653.81321105957,79.13692078172517
7408,57.1661316994587,891.285702266025,653.81321105957,79.13692078172517
7409,57.1661316994587,891.285702266025,653.81321105957,79.13692078172517
7410,57.1661316994587,891.285702266025,653.81321105957,79.13692078172517
7411,57.1661316994587,891.285702266025,653.81321105957,79.13692078172517
7412,57.1661316994587,891.285702266025,653.81321105957,79.13692078172517
7413,57.1661316994587,891.285702266025,653.81321105957,79.13692078172517
7414,57.1661316994587,891.285702266025,653.81321105957,79.13692078172517
7415,57.1661316994587,891.285702266025,653.81321105957,79.13692078172517
7416,92.4226122603311,905.0830848491391,643.453542073567,76.73422501597446
7417,92.4226122603311,905.0830848491391,643.453542073567,76.73422501597446
7418,92.4226122603311,905.0830848491391,643.453542073567,76.73422501597446
7419,92.4226122603311,905.0830848491391,643.453542073567,76.73422501597446
7420,92.4226122603311,905.0830848491391,643.453542073567,76.73422501597446
7421,92.4226122603311,905.0830848491391,643.453542073567,76.73422501597446
7422,92.4226122603311,905.0830848491391,643.453542073567,76.73422501597446
7423,92.4226122603311,905.0830848491391,643.453542073567,76.73422501597446
7424,92.4226122603311,905.0830848491391,643.453542073567,76.73422501597446
7425,92.4226122603311,905.0830848491391,643.453542073567,76.73422501597446
7426,92.4226122603311,905.0830848491391,643.453542073567,76.73422501597446
7427,92.4226122603311,905.0830848491391,643.453542073567,76.73422501597446
7428,92.4226122603311,905.0830848491391,643.453542073567,76.73422501597446
7429,92.4226122603311,905.0830848491391,643.453542073567,76.73422501597446
7430,92.4226122603311,905.0830848491391,643.453542073567,76.73422501597446
7431,92.4226122603311,905.0830848491391,643.453542073567,76.73422501597446
7432,92.4226122603311,905.0830848491391,643.453542073567,76.73422501597446
7433,92.4226122603311,905.0830848491391,643.453542073567,76.73422501597446
7434,92.4226122603311,905.0830848491391,643.453542073567,76.73422501597446
7435,92.4226122603311,905.0830848491391,643.453542073567,76.73422501597446
7436,92.4226122603311,905.0830848491391,643.453542073567,76.73422501597446
7437,92.4226122603311,905.0830848491391,643.453542073567,76.73422501597446
7438,92.4226122603311,905.0830848491391,643.453542073567,76.73422501597446
7439,92.4226122603311,905.0830848491391,643.453542073567,76.73422501597446
7440,116.218948179753,846.7222153261393,606.8423087373326,124.78429033072018
7441,116.218948179753,846.7222153261393,606.8423087373326,124.78429033072018
7442,116.218948179753,846.7222153261393,606.8423087373326,124.78429033072018
7443,116.218948179753,846.7222153261393,606.8423087373326,124.78429033072018
7444,116.218948179753,846.7222153261393,606.8423087373326,124.78429033072018
7445,116.218948179753,846.7222153261393,606.8423087373326,124.78429033072018
7446,116.218948179753,846.7222153261393,606.8423087373326,124.78429033072018
7447,116.218948179753,846.7222153261393,606.8423087373326,124.78429033072018
7448,116.218948179753,846.7222153261393,606.8423087373326,124.78429033072018
7449,116.218948179753,846.7222153261393,606.8423087373326,124.78429033072018
7450,116.218948179753,846.7222153261393,606.8423087373326,124.78429033072018
7451,116.218948179753,846.7222153261393,606.8423087373326,124.78429033072018
7452,116.218948179753,846.7222153261393,606.8423087373326,124.78429033072018
7453,116.218948179753,846.7222153261393,606.8423087373326,124.78429033072018
7454,116.218948179753,846.7222153261393,606.8423087373326,124.78429033072018
7455,116.218948179753,846.7222153261393,606.8423087373326,124.78429033072018
7456,116.218948179753,846.7222153261393,606.8423087373326,124.78429033072018
7457,116.218948179753,846.7222153261393,606.8423087373326,124.78429033072018
7458,116.218948179753,846.7222153261393,606.8423087373326,124.78429033072018
7459,116.218948179753,846.7222153261393,606.8423087373326,124.78429033072018
7460,116.218948179753,846.7222153261393,606.8423087373326,124.78429033072018
7461,116.218948179753,846.7222153261393,606.8423087373326,124.78429033072018
7462,116.218948179753,846.7222153261393,606.8423087373326,124.78429033072018
7463,116.218948179753,846.7222153261393,606.8423087373326,124.78429033072018
7464,135.122404221668,1239.4678593058509,644.809184773763,90.2799442354667
7465,135.122404221668,1239.4678593058509,644.809184773763,90.2799442354667
7466,135.122404221668,1239.4678593058509,644.809184773763,90.2799442354667
7467,135.122404221668,1239.4678593058509,644.809184773763,90.2799442354667
7468,135.122404221668,1239.4678593058509,644.809184773763,90.2799442354667
7469,135.122404221668,1239.4678593058509,644.809184773763,90.2799442354667
7470,135.122404221668,1239.4678593058509,644.809184773763,90.2799442354667
7471,135.122404221668,1239.4678593058509,644.809184773763,90.2799442354667
7472,135.122404221668,1239.4678593058509,644.809184773763,90.2799442354667
7473,135.122404221668,1239.4678593058509,644.809184773763,90.2799442354667
7474,135.122404221668,1239.4678593058509,644.809184773763,90.2799442354667
7475,135.122404221668,1239.4678593058509,644.809184773763,90.2799442354667
7476,135.122404221668,1239.4678593058509,644.809184773763,90.2799442354667
7477,135.122404221668,1239.4678593058509,644.809184773763,90.2799442354667
7478,135.122404221668,1239.4678593058509,644.809184773763,90.2799442354667
7479,135.122404221668,1239.4678593058509,644.809184773763,90.2799442354667
7480,135.122404221668,1239.4678593058509,644.809184773763,90.2799442354667
7481,135.122404221668,1239.4678593058509,644.809184773763,90.2799442354667
7482,135.122404221668,1239.4678593058509,644.809184773763,90.2799442354667
7483,135.122404221668,1239.4678593058509,644.809184773763,90.2799442354667
7484,135.122404221668,1239.4678593058509,644.809184773763,90.2799442354667
7485,135.122404221668,1239.4678593058509,644.809184773763,90.2799442354667
7486,135.122404221668,1239.4678593058509,644.809184773763,90.2799442354667
7487,135.122404221668,1239.4678593058509,644.809184773763,90.2799442354667
7488,146.90564091673,842.425377288527,627.387356567382,138.34502172906093
7489,146.90564091673,842.425377288527,627.387356567382,138.34502172906093
7490,146.90564091673,842.425377288527,627.387356567382,138.34502172906093
7491,146.90564091673,842.425377288527,627.387356567382,138.34502172906093
7492,146.90564091673,842.425377288527,627.387356567382,138.34502172906093
7493,146.90564091673,842.425377288527,627.387356567382,138.34502172906093
7494,146.90564091673,842.425377288527,627.387356567382,138.34502172906093
7495,146.90564091673,842.425377288527,627.387356567382,138.34502172906093
7496,146.90564091673,842.425377288527,627.387356567382,138.34502172906093
7497,146.90564091673,842.425377288527,627.387356567382,138.34502172906093
7498,146.90564091673,842.425377288527,627.387356567382,138.34502172906093
7499,146.90564091673,842.425377288527,627.387356567382,138.34502172906093
7500,146.90564091673,842.425377288527,627.387356567382,138.34502172906093
7501,146.90564091673,842.425377288527,627.387356567382,138.34502172906093
7502,146.90564091673,842.425377288527,627.387356567382,138.34502172906093
7503,146.90564091673,842.425377288527,627.387356567382,138.34502172906093
7504,146.90564091673,842.425377288527,627.387356567382,138.34502172906093
7505,146.90564091673,842.425377288527,627.387356567382,138.34502172906093
7506,146.90564091673,842.425377288527,627.387356567382,138.34502172906093
7507,146.90564091673,842.425377288527,627.387356567382,138.34502172906093
7508,146.90564091673,842.425377288527,627.387356567382,138.34502172906093
7509,146.90564091673,842.425377288527,627.387356567382,138.34502172906093
7510,146.90564091673,842.425377288527,627.387356567382,138.34502172906093
7511,146.90564091673,842.425377288527,627.387356567382,138.34502172906093
7512,145.493249825544,613.6881800097647,603.7033853831673,116.39728963142787
7513,145.493249825544,613.6881800097647,603.7033853831673,116.39728963142787
7514,145.493249825544,613.6881800097647,603.7033853831673,116.39728963142787
7515,145.493249825544,613.6881800097647,603.7033853831673,116.39728963142787
7516,145.493249825544,613.6881800097647,603.7033853831673,116.39728963142787
7517,145.493249825544,613.6881800097647,603.7033853831673,116.39728963142787
7518,145.493249825544,613.6881800097647,603.7033853831673,116.39728963142787
7519,145.493249825544,613.6881800097647,603.7033853831673,116.39728963142787
7520,145.493249825544,613.6881800097647,603.7033853831673,116.39728963142787
7521,145.493249825544,613.6881800097647,603.7033853831673,116.39728963142787
7522,145.493249825544,613.6881800097647,603.7033853831673,116.39728963142787
7523,145.493249825544,613.6881800097647,603.7033853831673,116.39728963142787
7524,145.493249825544,613.6881800097647,603.7033853831673,116.39728963142787
7525,145.493249825544,613.6881800097647,603.7033853831673,116.39728963142787
7526,145.493249825544,613.6881800097647,603.7033853831673,116.39728963142787
7527,145.493249825544,613.6881800097647,603.7033853831673,116.39728963142787
7528,145.493249825544,613.6881800097647,603.7033853831673,116.39728963142787
7529,145.493249825544,613.6881800097647,603.7033853831673,116.39728963142787
7530,145.493249825544,613.6881800097647,603.7033853831673,116.39728963142787
7531,145.493249825544,613.6881800097647,603.7033853831673,116.39728963142787
7532,145.493249825544,613.6881800097647,603.7033853831673,116.39728963142787
7533,145.493249825544,613.6881800097647,603.7033853831673,116.39728963142787
7534,145.493249825544,613.6881800097647,603.7033853831673,116.39728963142787
7535,145.493249825544,613.6881800097647,603.7033853831673,116.39728963142787
7536,140.466608604819,859.2345012556366,591.449860836769,105.31357209978111
7537,140.466608604819,859.2345012556366,591.449860836769,105.31357209978111
7538,140.466608604819,859.2345012556366,591.449860836769,105.31357209978111
7539,140.466608604819,859.2345012556366,591.449860836769,105.31357209978111
7540,140.466608604819,859.2345012556366,591.449860836769,105.31357209978111
7541,140.466608604819,859.2345012556366,591.449860836769,105.31357209978111
7542,140.466608604819,859.2345012556366,591.449860836769,105.31357209978111
7543,140.466608604819,859.2345012556366,591.449860836769,105.31357209978111
7544,140.466608604819,859.2345012556366,591.449860836769,105.31357209978111
7545,140.466608604819,859.2345012556366,591.449860836769,105.31357209978111
7546,140.466608604819,859.2345012556366,591.449860836769,105.31357209978111
7547,140.466608604819,859.2345012556366,591.449860836769,105.31357209978111
7548,140.466608604819,859.2345012556366,591.449860836769,105.31357209978111
7549,140.466608604819,859.2345012556366,591.449860836769,105.31357209978111
7550,140.466608604819,859.2345012556366,591.449860836769,105.31357209978111
7551,140.466608604819,859.2345012556366,591.449860836769,105.31357209978111
7552,140.466608604819,859.2345012556366,591.449860836769,105.31357209978111
7553,140.466608604819,859.2345012556366,591.449860836769,105.31357209978111
7554,140.466608604819,859.2345012556366,591.449860836769,105.31357209978111
7555,140.466608604819,859.2345012556366,591.449860836769,105.31357209978111
7556,140.466608604819,859.2345012556366,591.449860836769,105.31357209978111
7557,140.466608604819,859.2345012556366,591.449860836769,105.31357209978111
7558,140.466608604819,859.2345012556366,591.449860836769,105.31357209978111
7559,140.466608604819,859.2345012556366,591.449860836769,105.31357209978111
7560,129.674775450765,774.3900448669597,579.655941263834,84.58960752211968
7561,129.674775450765,774.3900448669597,579.655941263834,84.58960752211968
7562,129.674775450765,774.3900448669597,579.655941263834,84.58960752211968
7563,129.674775450765,774.3900448669597,579.655941263834,84.58960752211968
7564,129.674775450765,774.3900448669597,579.655941263834,84.58960752211968
7565,129.674775450765,774.3900448669597,579.655941263834,84.58960752211968
7566,129.674775450765,774.3900448669597,579.655941263834,84.58960752211968
7567,129.674775450765,774.3900448669597,579.655941263834,84.58960752211968
7568,129.674775450765,774.3900448669597,579.655941263834,84.58960752211968
7569,129.674775450765,774.3900448669597,579.655941263834,84.58960752211968
7570,129.674775450765,774.3900448669597,579.655941263834,84.58960752211968
7571,129.674775450765,774.3900448669597,579.655941263834,84.58960752211968
7572,129.674775450765,774.3900448669597,579.655941263834,84.58960752211968
7573,129.674775450765,774.3900448669597,579.655941263834,84.58960752211968
7574,129.674775450765,774.3900448669597,579.655941263834,84.58960752211968
7575,129.674775450765,774.3900448669597,579.655941263834,84.58960752211968
7576,129.674775450765,774.3900448669597,579.655941263834,84.58960752211968
7577,129.674775450765,774.3900448669597,579.655941263834,84.58960752211968
7578,129.674775450765,774.3900448669597,579.655941263834,84.58960752211968
7579,129.674775450765,774.3900448669597,579.655941263834,84.58960752211968
7580,129.674775450765,774.3900448669597,579.655941263834,84.58960752211968
7581,129.674775450765,774.3900448669597,579.655941263834,84.58960752211968
7582,129.674775450765,774.3900448669597,579.655941263834,84.58960752211968
7583,129.674775450765,774.3900448669597,579.655941263834,84.58960752211968
7584,123.067314426311,779.4443988078024,562.325709533691,32.59545474288103
7585,123.067314426311,779.4443988078024,562.325709533691,32.59545474288103
7586,123.067314426311,779.4443988078024,562.325709533691,32.59545474288103
7587,123.067314426311,779.4443988078024,562.325709533691,32.59545474288103
7588,123.067314426311,779.4443988078024,562.325709533691,32.59545474288103
7589,123.067314426311,779.4443988078024,562.325709533691,32.59545474288103
7590,123.067314426311,779.4443988078024,562.325709533691,32.59545474288103
7591,123.067314426311,779.4443988078024,562.325709533691,32.59545474288103
7592,123.067314426311,779.4443988078024,562.325709533691,32.59545474288103
7593,123.067314426311,779.4443988078024,562.325709533691,32.59545474288103
7594,123.067314426311,779.4443988078024,562.325709533691,32.59545474288103
7595,123.067314426311,779.4443988078024,562.325709533691,32.59545474288103
7596,123.067314426311,779.4443988078024,562.325709533691,32.59545474288103
7597,123.067314426311,779.4443988078024,562.325709533691,32.59545474288103
7598,123.067314426311,779.4443988078024,562.325709533691,32.59545474288103
7599,123.067314426311,779.4443988078024,562.325709533691,32.59545474288103
7600,123.067314426311,779.4443988078024,562.325709533691,32.59545474288103
7601,123.067314426311,779.4443988078024,562.325709533691,32.59545474288103
7602,123.067314426311,779.4443988078024,562.325709533691,32.59545474288103
7603,123.067314426311,779.4443988078024,562.325709533691,32.59545474288103
7604,123.067314426311,779.4443988078024,562.325709533691,32.59545474288103
7605,123.067314426311,779.4443988078024,562.325709533691,32.59545474288103
7606,123.067314426311,779.4443988078024,562.325709533691,32.59545474288103
7607,123.067314426311,779.4443988078024,562.325709533691,32.59545474288103
7608,110.812318910197,649.915424536975,549.245596822102,95.61232214791667
7609,110.812318910197,649.915424536975,549.245596822102,95.61232214791667
7610,110.812318910197,649.915424536975,549.245596822102,95.61232214791667
7611,110.812318910197,649.915424536975,549.245596822102,95.61232214791667
7612,110.812318910197,649.915424536975,549.245596822102,95.61232214791667
7613,110.812318910197,649.915424536975,549.245596822102,95.61232214791667
7614,110.812318910197,649.915424536975,549.245596822102,95.61232214791667
7615,110.812318910197,649.915424536975,549.245596822102,95.61232214791667
7616,110.812318910197,649.915424536975,549.245596822102,95.61232214791667
7617,110.812318910197,649.915424536975,549.245596822102,95.61232214791667
7618,110.812318910197,649.915424536975,549.245596822102,95.61232214791667
7619,110.812318910197,649.915424536975,549.245596822102,95.61232214791667
7620,110.812318910197,649.915424536975,549.245596822102,95.61232214791667
7621,110.812318910197,649.915424536975,549.245596822102,95.61232214791667
7622,110.812318910197,649.915424536975,549.245596822102,95.61232214791667
7623,110.812318910197,649.915424536975,549.245596822102,95.61232214791667
7624,110.812318910197,649.915424536975,549.245596822102,95.61232214791667
7625,110.812318910197,649.915424536975,549.245596822102,95.61232214791667
7626,110.812318910197,649.915424536975,549.245596822102,95.61232214791667
7627,110.812318910197,649.915424536975,549.245596822102,95.61232214791667
7628,110.812318910197,649.915424536975,549.245596822102,95.61232214791667
7629,110.812318910197,649.915424536975,549.245596822102,95.61232214791667
7630,110.812318910197,649.915424536975,549.245596822102,95.61232214791667
7631,110.812318910197,649.915424536975,549.245596822102,95.61232214791667
7632,98.3284867875146,609.810097897828,538.171468098958,120.06565461064284
7633,98.3284867875146,609.810097897828,538.171468098958,120.06565461064284
7634,98.3284867875146,609.810097897828,538.171468098958,120.06565461064284
7635,98.3284867875146,609.810097897828,538.171468098958,120.06565461064284
7636,98.3284867875146,609.810097897828,538.171468098958,120.06565461064284
7637,98.3284867875146,609.810097897828,538.171468098958,120.06565461064284
7638,98.3284867875146,609.810097897828,538.171468098958,120.06565461064284
7639,98.3284867875146,609.810097897828,538.171468098958,120.06565461064284
7640,98.3284867875146,609.810097897828,538.171468098958,120.06565461064284
7641,98.3284867875146,609.810097897828,538.171468098958,120.06565461064284
7642,98.3284867875146,609.810097897828,538.171468098958,120.06565461064284
7643,98.3284867875146,609.810097897828,538.171468098958,120.06565461064284
7644,98.3284867875146,609.810097897828,538.171468098958,120.06565461064284
7645,98.3284867875146,609.810097897828,538.171468098958,120.06565461064284
7646,98.3284867875146,609.810097897828,538.171468098958,120.06565461064284
7647,98.3284867875146,609.810097897828,538.171468098958,120.06565461064284
7648,98.3284867875146,609.810097897828,538.171468098958,120.06565461064284
7649,98.3284867875146,609.810097897828,538.171468098958,120.06565461064284
7650,98.3284867875146,609.810097897828,538.171468098958,120.06565461064284
7651,98.3284867875146,609.810097897828,538.171468098958,120.06565461064284
7652,98.3284867875146,609.810097897828,538.171468098958,120.06565461064284
7653,98.3284867875146,609.810097897828,538.171468098958,120.06565461064284
7654,98.3284867875146,609.810097897828,538.171468098958,120.06565461064284
7655,98.3284867875146,609.810097897828,538.171468098958,120.06565461064284
7656,108.967152255987,984.4931097787385,539.545429484049,133.10430908639293
7657,108.967152255987,984.4931097787385,539.545429484049,133.10430908639293
7658,108.967152255987,984.4931097787385,539.545429484049,133.10430908639293
7659,108.967152255987,984.4931097787385,539.545429484049,133.10430908639293
7660,108.967152255987,984.4931097787385,539.545429484049,133.10430908639293
7661,108.967152255987,984.4931097787385,539.545429484049,133.10430908639293
7662,108.967152255987,984.4931097787385,539.545429484049,133.10430908639293
7663,108.967152255987,984.4931097787385,539.545429484049,133.10430908639293
7664,108.967152255987,984.4931097787385,539.545429484049,133.10430908639293
7665,108.967152255987,984.4931097787385,539.545429484049,133.10430908639293
7666,108.967152255987,984.4931097787385,539.545429484049,133.10430908639293
7667,108.967152255987,984.4931097787385,539.545429484049,133.10430908639293
7668,108.967152255987,984.4931097787385,539.545429484049,133.10430908639293
7669,108.967152255987,984.4931097787385,539.545429484049,133.10430908639293
7670,108.967152255987,984.4931097787385,539.545429484049,133.10430908639293
7671,108.967152255987,984.4931097787385,539.545429484049,133.10430908639293
7672,108.967152255987,984.4931097787385,539.545429484049,133.10430908639293
7673,108.967152255987,984.4931097787385,539.545429484049,133.10430908639293
7674,108.967152255987,984.4931097787385,539.545429484049,133.10430908639293
7675,108.967152255987,984.4931097787385,539.545429484049,133.10430908639293
7676,108.967152255987,984.4931097787385,539.545429484049,133.10430908639293
7677,108.967152255987,984.4931097787385,539.545429484049,133.10430908639293
7678,108.967152255987,984.4931097787385,539.545429484049,133.10430908639293
7679,108.967152255987,984.4931097787385,539.545429484049,133.10430908639293
7680,140.4554353015,1058.087904324627,540.369805908203,135.31925321587136
7681,140.4554353015,1058.087904324627,540.369805908203,135.31925321587136
7682,140.4554353015,1058.087904324627,540.369805908203,135.31925321587136
7683,140.4554353015,1058.087904324627,540.369805908203,135.31925321587136
7684,140.4554353015,1058.087904324627,540.369805908203,135.31925321587136
7685,140.4554353015,1058.087904324627,540.369805908203,135.31925321587136
7686,140.4554353015,1058.087904324627,540.369805908203,135.31925321587136
7687,140.4554353015,1058.087904324627,540.369805908203,135.31925321587136
7688,140.4554353015,1058.087904324627,540.369805908203,135.31925321587136
7689,140.4554353015,1058.087904324627,540.369805908203,135.31925321587136
7690,140.4554353015,1058.087904324627,540.369805908203,135.31925321587136
7691,140.4554353015,1058.087904324627,540.369805908203,135.31925321587136
7692,140.4554353015,1058.087904324627,540.369805908203,135.31925321587136
7693,140.4554353015,1058.087904324627,540.369805908203,135.31925321587136
7694,140.4554353015,1058.087904324627,540.369805908203,135.31925321587136
7695,140.4554353015,1058.087904324627,540.369805908203,135.31925321587136
7696,140.4554353015,1058.087904324627,540.369805908203,135.31925321587136
7697,140.4554353015,1058.087904324627,540.369805908203,135.31925321587136
7698,140.4554353015,1058.087904324627,540.369805908203,135.31925321587136
7699,140.4554353015,1058.087904324627,540.369805908203,135.31925321587136
7700,140.4554353015,1058.087904324627,540.369805908203,135.31925321587136
7701,140.4554353015,1058.087904324627,540.369805908203,135.31925321587136
7702,140.4554353015,1058.087904324627,540.369805908203,135.31925321587136
7703,140.4554353015,1058.087904324627,540.369805908203,135.31925321587136
7704,153.780538429947,1143.692883182966,536.687590535481,5.300685235945991
7705,153.780538429947,1143.692883182966,536.687590535481,5.300685235945991
7706,153.780538429947,1143.692883182966,536.687590535481,5.300685235945991
7707,153.780538429947,1143.692883182966,536.687590535481,5.300685235945991
7708,153.780538429947,1143.692883182966,536.687590535481,5.300685235945991
7709,153.780538429947,1143.692883182966,536.687590535481,5.300685235945991
7710,153.780538429947,1143.692883182966,536.687590535481,5.300685235945991
7711,153.780538429947,1143.692883182966,536.687590535481,5.300685235945991
7712,153.780538429947,1143.692883182966,536.687590535481,5.300685235945991
7713,153.780538429947,1143.692883182966,536.687590535481,5.300685235945991
7714,153.780538429947,1143.692883182966,536.687590535481,5.300685235945991
7715,153.780538429947,1143.692883182966,536.687590535481,5.300685235945991
7716,153.780538429947,1143.692883182966,536.687590535481,5.300685235945991
7717,153.780538429947,1143.692883182966,536.687590535481,5.300685235945991
7718,153.780538429947,1143.692883182966,536.687590535481,5.300685235945991
7719,153.780538429947,1143.692883182966,536.687590535481,5.300685235945991
7720,153.780538429947,1143.692883182966,536.687590535481,5.300685235945991
7721,153.780538429947,1143.692883182966,536.687590535481,5.300685235945991
7722,153.780538429947,1143.692883182966,536.687590535481,5.300685235945991
7723,153.780538429947,1143.692883182966,536.687590535481,5.300685235945991
7724,153.780538429947,1143.692883182966,536.687590535481,5.300685235945991
7725,153.780538429947,1143.692883182966,536.687590535481,5.300685235945991
7726,153.780538429947,1143.692883182966,536.687590535481,5.300685235945991
7727,153.780538429947,1143.692883182966,536.687590535481,5.300685235945991
7728,158.25327513989,990.7486374898492,514.704210046927,91.72447232755567
7729,158.25327513989,990.7486374898492,514.704210046927,91.72447232755567
7730,158.25327513989,990.7486374898492,514.704210046927,91.72447232755567
7731,158.25327513989,990.7486374898492,514.704210046927,91.72447232755567
7732,158.25327513989,990.7486374898492,514.704210046927,91.72447232755567
7733,158.25327513989,990.7486374898492,514.704210046927,91.72447232755567
7734,158.25327513989,990.7486374898492,514.704210046927,91.72447232755567
7735,158.25327513989,990.7486374898492,514.704210046927,91.72447232755567
7736,158.25327513989,990.7486374898492,514.704210046927,91.72447232755567
7737,158.25327513989,990.7486374898492,514.704210046927,91.72447232755567
7738,158.25327513989,990.7486374898492,514.704210046927,91.72447232755567
7739,158.25327513989,990.7486374898492,514.704210046927,91.72447232755567
7740,158.25327513989,990.7486374898492,514.704210046927,91.72447232755567
7741,158.25327513989,990.7486374898492,514.704210046927,91.72447232755567
7742,158.25327513989,990.7486374898492,514.704210046927,91.72447232755567
7743,158.25327513989,990.7486374898492,514.704210046927,91.72447232755567
7744,158.25327513989,990.7486374898492,514.704210046927,91.72447232755567
7745,158.25327513989,990.7486374898492,514.704210046927,91.72447232755567
7746,158.25327513989,990.7486374898492,514.704210046927,91.72447232755567
7747,158.25327513989,990.7486374898492,514.704210046927,91.72447232755567
7748,158.25327513989,990.7486374898492,514.704210046927,91.72447232755567
7749,158.25327513989,990.7486374898492,514.704210046927,91.72447232755567
7750,158.25327513989,990.7486374898492,514.704210046927,91.72447232755567
7751,158.25327513989,990.7486374898492,514.704210046927,91.72447232755567
7752,168.045904051222,1083.7209366536574,512.780664718151,76.15532614899715
7753,168.045904051222,1083.7209366536574,512.780664718151,76.15532614899715
7754,168.045904051222,1083.7209366536574,512.780664718151,76.15532614899715
7755,168.045904051222,1083.7209366536574,512.780664718151,76.15532614899715
7756,168.045904051222,1083.7209366536574,512.780664718151,76.15532614899715
7757,168.045904051222,1083.7209366536574,512.780664718151,76.15532614899715
7758,168.045904051222,1083.7209366536574,512.780664718151,76.15532614899715
7759,168.045904051222,1083.7209366536574,512.780664718151,76.15532614899715
7760,168.045904051222,1083.7209366536574,512.780664718151,76.15532614899715
7761,168.045904051222,1083.7209366536574,512.780664718151,76.15532614899715
7762,168.045904051222,1083.7209366536574,512.780664718151,76.15532614899715
7763,168.045904051222,1083.7209366536574,512.780664718151,76.15532614899715
7764,168.045904051222,1083.7209366536574,512.780664718151,76.15532614899715
7765,168.045904051222,1083.7209366536574,512.780664718151,76.15532614899715
7766,168.045904051222,1083.7209366536574,512.780664718151,76.15532614899715
7767,168.045904051222,1083.7209366536574,512.780664718151,76.15532614899715
7768,168.045904051222,1083.7209366536574,512.780664718151,76.15532614899715
7769,168.045904051222,1083.7209366536574,512.780664718151,76.15532614899715
7770,168.045904051222,1083.7209366536574,512.780664718151,76.15532614899715
7771,168.045904051222,1083.7209366536574,512.780664718151,76.15532614899715
7772,168.045904051222,1083.7209366536574,512.780664718151,76.15532614899715
7773,168.045904051222,1083.7209366536574,512.780664718151,76.15532614899715
7774,168.045904051222,1083.7209366536574,512.780664718151,76.15532614899715
7775,168.045904051222,1083.7209366536574,512.780664718151,76.15532614899715
7776,167.685541006794,676.7650269503401,501.898890833059,66.69985376967745
7777,167.685541006794,676.7650269503401,501.898890833059,66.69985376967745
7778,167.685541006794,676.7650269503401,501.898890833059,66.69985376967745
7779,167.685541006794,676.7650269503401,501.898890833059,66.69985376967745
7780,167.685541006794,676.7650269503401,501.898890833059,66.69985376967745
7781,167.685541006794,676.7650269503401,501.898890833059,66.69985376967745
7782,167.685541006794,676.7650269503401,501.898890833059,66.69985376967745
7783,167.685541006794,676.7650269503401,501.898890833059,66.69985376967745
7784,167.685541006794,676.7650269503401,501.898890833059,66.69985376967745
7785,167.685541006794,676.7650269503401,501.898890833059,66.69985376967745
7786,167.685541006794,676.7650269503401,501.898890833059,66.69985376967745
7787,167.685541006794,676.7650269503401,501.898890833059,66.69985376967745
7788,167.685541006794,676.7650269503401,501.898890833059,66.69985376967745
7789,167.685541006794,676.7650269503401,501.898890833059,66.69985376967745
7790,167.685541006794,676.7650269503401,501.898890833059,66.69985376967745
7791,167.685541006794,676.7650269503401,501.898890833059,66.69985376967745
7792,167.685541006794,676.7650269503401,501.898890833059,66.69985376967745
7793,167.685541006794,676.7650269503401,501.898890833059,66.69985376967745
7794,167.685541006794,676.7650269503401,501.898890833059,66.69985376967745
7795,167.685541006794,676.7650269503401,501.898890833059,66.69985376967745
7796,167.685541006794,676.7650269503401,501.898890833059,66.69985376967745
7797,167.685541006794,676.7650269503401,501.898890833059,66.69985376967745
7798,167.685541006794,676.7650269503401,501.898890833059,66.69985376967745
7799,167.685541006794,676.7650269503401,501.898890833059,66.69985376967745
7800,166.915882332728,772.9435775218963,499.700553023815,75.44300325414551
7801,166.915882332728,772.9435775218963,499.700553023815,75.44300325414551
7802,166.915882332728,772.9435775218963,499.700553023815,75.44300325414551
7803,166.915882332728,772.9435775218963,499.700553023815,75.44300325414551
7804,166.915882332728,772.9435775218963,499.700553023815,75.44300325414551
7805,166.915882332728,772.9435775218963,499.700553023815,75.44300325414551
7806,166.915882332728,772.9435775218963,499.700553023815,75.44300325414551
7807,166.915882332728,772.9435775218963,499.700553023815,75.44300325414551
7808,166.915882332728,772.9435775218963,499.700553023815,75.44300325414551
7809,166.915882332728,772.9435775218963,499.700553023815,75.44300325414551
7810,166.915882332728,772.9435775218963,499.700553023815,75.44300325414551
7811,166.915882332728,772.9435775218963,499.700553023815,75.44300325414551
7812,166.915882332728,772.9435775218963,499.700553023815,75.44300325414551
7813,166.915882332728,772.9435775218963,499.700553023815,75.44300325414551
7814,166.915882332728,772.9435775218963,499.700553023815,75.44300325414551
7815,166.915882332728,772.9435775218963,499.700553023815,75.44300325414551
7816,166.915882332728,772.9435775218963,499.700553023815,75.44300325414551
7817,166.915882332728,772.9435775218963,499.700553023815,75.44300325414551
7818,166.915882332728,772.9435775218963,499.700553023815,75.44300325414551
7819,166.915882332728,772.9435775218963,499.700553023815,75.44300325414551
7820,166.915882332728,772.9435775218963,499.700553023815,75.44300325414551
7821,166.915882332728,772.9435775218963,499.700553023815,75.44300325414551
7822,166.915882332728,772.9435775218963,499.700553023815,75.44300325414551
7823,166.915882332728,772.9435775218963,499.700553023815,75.44300325414551
7824,159.905109238123,859.0986996988368,491.236952356497,48.062988800580314
7825,159.905109238123,859.0986996988368,491.236952356497,48.062988800580314
7826,159.905109238123,859.0986996988368,491.236952356497,48.062988800580314
7827,159.905109238123,859.0986996988368,491.236952356497,48.062988800580314
7828,159.905109238123,859.0986996988368,491.236952356497,48.062988800580314
7829,159.905109238123,859.0986996988368,491.236952356497,48.062988800580314
7830,159.905109238123,859.0986996988368,491.236952356497,48.062988800580314
7831,159.905109238123,859.0986996988368,491.236952356497,48.062988800580314
7832,159.905109238123,859.0986996988368,491.236952356497,48.062988800580314
7833,159.905109238123,859.0986996988368,491.236952356497,48.062988800580314
7834,159.905109238123,859.0986996988368,491.236952356497,48.062988800580314
7835,159.905109238123,859.0986996988368,491.236952356497,48.062988800580314
7836,159.905109238123,859.0986996988368,491.236952356497,48.062988800580314
7837,159.905109238123,859.0986996988368,491.236952356497,48.062988800580314
7838,159.905109238123,859.0986996988368,491.236952356497,48.062988800580314
7839,159.905109238123,859.0986996988368,491.236952356497,48.062988800580314
7840,159.905109238123,859.0986996988368,491.236952356497,48.062988800580314
7841,159.905109238123,859.0986996988368,491.236952356497,48.062988800580314
7842,159.905109238123,859.0986996988368,491.236952356497,48.062988800580314
7843,159.905109238123,859.0986996988368,491.236952356497,48.062988800580314
7844,159.905109238123,859.0986996988368,491.236952356497,48.062988800580314
7845,159.905109238123,859.0986996988368,491.236952356497,48.062988800580314
7846,159.905109238123,859.0986996988368,491.236952356497,48.062988800580314
7847,159.905109238123,859.0986996988368,491.236952356497,48.062988800580314
7848,128.244124225102,831.0892792202073,475.793627568085,51.14202366851103
7849,128.244124225102,831.0892792202073,475.793627568085,51.14202366851103
7850,128.244124225102,831.0892792202073,475.793627568085,51.14202366851103
7851,128.244124225102,831.0892792202073,475.793627568085,51.14202366851103
7852,128.244124225102,831.0892792202073,475.793627568085,51.14202366851103
7853,128.244124225102,831.0892792202073,475.793627568085,51.14202366851103
7854,128.244124225102,831.0892792202073,475.793627568085,51.14202366851103
7855,128.244124225102,831.0892792202073,475.793627568085,51.14202366851103
7856,128.244124225102,831.0892792202073,475.793627568085,51.14202366851103
7857,128.244124225102,831.0892792202073,475.793627568085,51.14202366851103
7858,128.244124225102,831.0892792202073,475.793627568085,51.14202366851103
7859,128.244124225102,831.0892792202073,475.793627568085,51.14202366851103
7860,128.244124225102,831.0892792202073,475.793627568085,51.14202366851103
7861,128.244124225102,831.0892792202073,475.793627568085,51.14202366851103
7862,128.244124225102,831.0892792202073,475.793627568085,51.14202366851103
7863,128.244124225102,831.0892792202073,475.793627568085,51.14202366851103
7864,128.244124225102,831.0892792202073,475.793627568085,51.14202366851103
7865,128.244124225102,831.0892792202073,475.793627568085,51.14202366851103
7866,128.244124225102,831.0892792202073,475.793627568085,51.14202366851103
7867,128.244124225102,831.0892792202073,475.793627568085,51.14202366851103
7868,128.244124225102,831.0892792202073,475.793627568085,51.14202366851103
7869,128.244124225102,831.0892792202073,475.793627568085,51.14202366851103
7870,128.244124225102,831.0892792202073,475.793627568085,51.14202366851103
7871,128.244124225102,831.0892792202073,475.793627568085,51.14202366851103
7872,99.3934849440287,844.033250952855,472.001492965221,97.96981493927814
7873,99.3934849440287,844.033250952855,472.001492965221,97.96981493927814
7874,99.3934849440287,844.033250952855,472.001492965221,97.96981493927814
7875,99.3934849440287,844.033250952855,472.001492965221,97.96981493927814
7876,99.3934849440287,844.033250952855,472.001492965221,97.96981493927814
7877,99.3934849440287,844.033250952855,472.001492965221,97.96981493927814
7878,99.3934849440287,844.033250952855,472.001492965221,97.96981493927814
7879,99.3934849440287,844.033250952855,472.001492965221,97.96981493927814
7880,99.3934849440287,844.033250952855,472.001492965221,97.96981493927814
7881,99.3934849440287,844.033250952855,472.001492965221,97.96981493927814
7882,99.3934849440287,844.033250952855,472.001492965221,97.96981493927814
7883,99.3934849440287,844.033250952855,472.001492965221,97.96981493927814
7884,99.3934849440287,844.033250952855,472.001492965221,97.96981493927814
7885,99.3934849440287,844.033250952855,472.001492965221,97.96981493927814
7886,99.3934849440287,844.033250952855,472.001492965221,97.96981493927814
7887,99.3934849440287,844.033250952855,472.001492965221,97.96981493927814
7888,99.3934849440287,844.033250952855,472.001492965221,97.96981493927814
7889,99.3934849440287,844.033250952855,472.001492965221,97.96981493927814
7890,99.3934849440287,844.033250952855,472.001492965221,97.96981493927814
7891,99.3934849440287,844.033250952855,472.001492965221,97.96981493927814
7892,99.3934849440287,844.033250952855,472.001492965221,97.96981493927814
7893,99.3934849440287,844.033250952855,472.001492965221,97.96981493927814
7894,99.3934849440287,844.033250952855,472.001492965221,97.96981493927814
7895,99.3934849440287,844.033250952855,472.001492965221,97.96981493927814
7896,56.46752770419219,621.1844225770567,468.484150842825,158.98555903950162
7897,56.46752770419219,621.1844225770567,468.484150842825,158.98555903950162
7898,56.46752770419219,621.1844225770567,468.484150842825,158.98555903950162
7899,56.46752770419219,621.1844225770567,468.484150842825,158.98555903950162
7900,56.46752770419219,621.1844225770567,468.484150842825,158.98555903950162
7901,56.46752770419219,621.1844225770567,468.484150842825,158.98555903950162
7902,56.46752770419219,621.1844225770567,468.484150842825,158.98555903950162
7903,56.46752770419219,621.1844225770567,468.484150842825,158.98555903950162
7904,56.46752770419219,621.1844225770567,468.484150842825,158.98555903950162
7905,56.46752770419219,621.1844225770567,468.484150842825,158.98555903950162
7906,56.46752770419219,621.1844225770567,468.484150842825,158.98555903950162
7907,56.46752770419219,621.1844225770567,468.484150842825,158.98555903950162
7908,56.46752770419219,621.1844225770567,468.484150842825,158.98555903950162
7909,56.46752770419219,621.1844225770567,468.484150842825,158.98555903950162
7910,56.46752770419219,621.1844225770567,468.484150842825,158.98555903950162
7911,56.46752770419219,621.1844225770567,468.484150842825,158.98555903950162
7912,56.46752770419219,621.1844225770567,468.484150842825,158.98555903950162
7913,56.46752770419219,621.1844225770567,468.484150842825,158.98555903950162
7914,56.46752770419219,621.1844225770567,468.484150842825,158.98555903950162
7915,56.46752770419219,621.1844225770567,468.484150842825,158.98555903950162
7916,56.46752770419219,621.1844225770567,468.484150842825,158.98555903950162
7917,56.46752770419219,621.1844225770567,468.484150842825,158.98555903950162
7918,56.46752770419219,621.1844225770567,468.484150842825,158.98555903950162
7919,56.46752770419219,621.1844225770567,468.484150842825,158.98555903950162
7920,74.4047832004442,648.0669627446703,467.275064742565,78.33385926794185
7921,74.4047832004442,648.0669627446703,467.275064742565,78.33385926794185
7922,74.4047832004442,648.0669627446703,467.275064742565,78.33385926794185
7923,74.4047832004442,648.0669627446703,467.275064742565,78.33385926794185
7924,74.4047832004442,648.0669627446703,467.275064742565,78.33385926794185
7925,74.4047832004442,648.0669627446703,467.275064742565,78.33385926794185
7926,74.4047832004442,648.0669627446703,467.275064742565,78.33385926794185
7927,74.4047832004442,648.0669627446703,467.275064742565,78.33385926794185
7928,74.4047832004442,648.0669627446703,467.275064742565,78.33385926794185
7929,74.4047832004442,648.0669627446703,467.275064742565,78.33385926794185
7930,74.4047832004442,648.0669627446703,467.275064742565,78.33385926794185
7931,74.4047832004442,648.0669627446703,467.275064742565,78.33385926794185
7932,74.4047832004442,648.0669627446703,467.275064742565,78.33385926794185
7933,74.4047832004442,648.0669627446703,467.275064742565,78.33385926794185
7934,74.4047832004442,648.0669627446703,467.275064742565,78.33385926794185
7935,74.4047832004442,648.0669627446703,467.275064742565,78.33385926794185
7936,74.4047832004442,648.0669627446703,467.275064742565,78.33385926794185
7937,74.4047832004442,648.0669627446703,467.275064742565,78.33385926794185
7938,74.4047832004442,648.0669627446703,467.275064742565,78.33385926794185
7939,74.4047832004442,648.0669627446703,467.275064742565,78.33385926794185
7940,74.4047832004442,648.0669627446703,467.275064742565,78.33385926794185
7941,74.4047832004442,648.0669627446703,467.275064742565,78.33385926794185
7942,74.4047832004442,648.0669627446703,467.275064742565,78.33385926794185
7943,74.4047832004442,648.0669627446703,467.275064742565,78.33385926794185
7944,79.1475909486945,857.9669744684211,459.306090946992,100.557897477101
7945,79.1475909486945,857.9669744684211,459.306090946992,100.557897477101
7946,79.1475909486945,857.9669744684211,459.306090946992,100.557897477101
7947,79.1475909486945,857.9669744684211,459.306090946992,100.557897477101
7948,79.1475909486945,857.9669744684211,459.306090946992,100.557897477101
7949,79.1475909486945,857.9669744684211,459.306090946992,100.557897477101
7950,79.1475909486945,857.9669744684211,459.306090946992,100.557897477101
7951,79.1475909486945,857.9669744684211,459.306090946992,100.557897477101
7952,79.1475909486945,857.9669744684211,459.306090946992,100.557897477101
7953,79.1475909486945,857.9669744684211,459.306090946992,100.557897477101
7954,79.1475909486945,857.9669744684211,459.306090946992,100.557897477101
7955,79.1475909486945,857.9669744684211,459.306090946992,100.557897477101
7956,79.1475909486945,857.9669744684211,459.306090946992,100.557897477101
7957,79.1475909486945,857.9669744684211,459.306090946992,100.557897477101
7958,79.1475909486945,857.9669744684211,459.306090946992,100.557897477101
7959,79.1475909486945,857.9669744684211,459.306090946992,100.557897477101
7960,79.1475909486945,857.9669744684211,459.306090946992,100.557897477101
7961,79.1475909486945,857.9669744684211,459.306090946992,100.557897477101
7962,79.1475909486945,857.9669744684211,459.306090946992,100.557897477101
7963,79.1475909486945,857.9669744684211,459.306090946992,100.557897477101
7964,79.1475909486945,857.9669744684211,459.306090946992,100.557897477101
7965,79.1475909486945,857.9669744684211,459.306090946992,100.557897477101
7966,79.1475909486945,857.9669744684211,459.306090946992,100.557897477101
7967,79.1475909486945,857.9669744684211,459.306090946992,100.557897477101
7968,66.0816942311653,1031.4814497446475,451.227198938528,155.17967750684218
7969,66.0816942311653,1031.4814497446475,451.227198938528,155.17967750684218
7970,66.0816942311653,1031.4814497446475,451.227198938528,155.17967750684218
7971,66.0816942311653,1031.4814497446475,451.227198938528,155.17967750684218
7972,66.0816942311653,1031.4814497446475,451.227198938528,155.17967750684218
7973,66.0816942311653,1031.4814497446475,451.227198938528,155.17967750684218
7974,66.0816942311653,1031.4814497446475,451.227198938528,155.17967750684218
7975,66.0816942311653,1031.4814497446475,451.227198938528,155.17967750684218
7976,66.0816942311653,1031.4814497446475,451.227198938528,155.17967750684218
7977,66.0816942311653,1031.4814497446475,451.227198938528,155.17967750684218
7978,66.0816942311653,1031.4814497446475,451.227198938528,155.17967750684218
7979,66.0816942311653,1031.4814497446475,451.227198938528,155.17967750684218
7980,66.0816942311653,1031.4814497446475,451.227198938528,155.17967750684218
7981,66.0816942311653,1031.4814497446475,451.227198938528,155.17967750684218
7982,66.0816942311653,1031.4814497446475,451.227198938528,155.17967750684218
7983,66.0816942311653,1031.4814497446475,451.227198938528,155.17967750684218
7984,66.0816942311653,1031.4814497446475,451.227198938528,155.17967750684218
7985,66.0816942311653,1031.4814497446475,451.227198938528,155.17967750684218
7986,66.0816942311653,1031.4814497446475,451.227198938528,155.17967750684218
7987,66.0816942311653,1031.4814497446475,451.227198938528,155.17967750684218
7988,66.0816942311653,1031.4814497446475,451.227198938528,155.17967750684218
7989,66.0816942311653,1031.4814497446475,451.227198938528,155.17967750684218
7990,66.0816942311653,1031.4814497446475,451.227198938528,155.17967750684218
7991,66.0816942311653,1031.4814497446475,451.227198938528,155.17967750684218
7992,0.0,910.1311465746205,446.033625940481,153.54235284615686
7993,0.0,910.1311465746205,446.033625940481,153.54235284615686
7994,0.0,910.1311465746205,446.033625940481,153.54235284615686
7995,0.0,910.1311465746205,446.033625940481,153.54235284615686
7996,0.0,910.1311465746205,446.033625940481,153.54235284615686
7997,0.0,910.1311465746205,446.033625940481,153.54235284615686
7998,0.0,910.1311465746205,446.033625940481,153.54235284615686
7999,0.0,910.1311465746205,446.033625940481,153.54235284615686
8000,0.0,910.1311465746205,446.033625940481,153.54235284615686
8001,0.0,910.1311465746205,446.033625940481,153.54235284615686
8002,0.0,910.1311465746205,446.033625940481,153.54235284615686
8003,0.0,910.1311465746205,446.033625940481,153.54235284615686
8004,0.0,910.1311465746205,446.033625940481,153.54235284615686
8005,0.0,910.1311465746205,446.033625940481,153.54235284615686
8006,0.0,910.1311465746205,446.033625940481,153.54235284615686
8007,0.0,910.1311465746205,446.033625940481,153.54235284615686
8008,0.0,910.1311465746205,446.033625940481,153.54235284615686
8009,0.0,910.1311465746205,446.033625940481,153.54235284615686
8010,0.0,910.1311465746205,446.033625940481,153.54235284615686
8011,0.0,910.1311465746205,446.033625940481,153.54235284615686
8012,0.0,910.1311465746205,446.033625940481,153.54235284615686
8013,0.0,910.1311465746205,446.033625940481,153.54235284615686
8014,0.0,910.1311465746205,446.033625940481,153.54235284615686
8015,0.0,910.1311465746205,446.033625940481,153.54235284615686
8016,44.6501481941786,1126.124675083506,438.943987675507,99.52013739051174
8017,44.6501481941786,1126.124675083506,438.943987675507,99.52013739051174
8018,44.6501481941786,1126.124675083506,438.943987675507,99.52013739051174
8019,44.6501481941786,1126.124675083506,438.943987675507,99.52013739051174
8020,44.6501481941786,1126.124675083506,438.943987675507,99.52013739051174
8021,44.6501481941786,1126.124675083506,438.943987675507,99.52013739051174
8022,44.6501481941786,1126.124675083506,438.943987675507,99.52013739051174
8023,44.6501481941786,1126.124675083506,438.943987675507,99.52013739051174
8024,44.6501481941786,1126.124675083506,438.943987675507,99.52013739051174
8025,44.6501481941786,1126.124675083506,438.943987675507,99.52013739051174
8026,44.6501481941786,1126.124675083506,438.943987675507,99.52013739051174
8027,44.6501481941786,1126.124675083506,438.943987675507,99.52013739051174
8028,44.6501481941786,1126.124675083506,438.943987675507,99.52013739051174
8029,44.6501481941786,1126.124675083506,438.943987675507,99.52013739051174
8030,44.6501481941786,1126.124675083506,438.943987675507,99.52013739051174
8031,44.6501481941786,1126.124675083506,438.943987675507,99.52013739051174
8032,44.6501481941786,1126.124675083506,438.943987675507,99.52013739051174
8033,44.6501481941786,1126.124675083506,438.943987675507,99.52013739051174
8034,44.6501481941786,1126.124675083506,438.943987675507,99.52013739051174
8035,44.6501481941786,1126.124675083506,438.943987675507,99.52013739051174
8036,44.6501481941786,1126.124675083506,438.943987675507,99.52013739051174
8037,44.6501481941786,1126.124675083506,438.943987675507,99.52013739051174
8038,44.6501481941786,1126.124675083506,438.943987675507,99.52013739051174
8039,44.6501481941786,1126.124675083506,438.943987675507,99.52013739051174
8040,27.4640605078141,1230.1047588785898,429.875841923554,84.14616918555657
8041,27.4640605078141,1230.1047588785898,429.875841923554,84.14616918555657
8042,27.4640605078141,1230.1047588785898,429.875841923554,84.14616918555657
8043,27.4640605078141,1230.1047588785898,429.875841923554,84.14616918555657
8044,27.4640605078141,1230.1047588785898,429.875841923554,84.14616918555657
8045,27.4640605078141,1230.1047588785898,429.875841923554,84.14616918555657
8046,27.4640605078141,1230.1047588785898,429.875841923554,84.14616918555657
8047,27.4640605078141,1230.1047588785898,429.875841923554,84.14616918555657
8048,27.4640605078141,1230.1047588785898,429.875841923554,84.14616918555657
8049,27.4640605078141,1230.1047588785898,429.875841923554,84.14616918555657
8050,27.4640605078141,1230.1047588785898,429.875841923554,84.14616918555657
8051,27.4640605078141,1230.1047588785898,429.875841923554,84.14616918555657
8052,27.4640605078141,1230.1047588785898,429.875841923554,84.14616918555657
8053,27.4640605078141,1230.1047588785898,429.875841923554,84.14616918555657
8054,27.4640605078141,1230.1047588785898,429.875841923554,84.14616918555657
8055,27.4640605078141,1230.1047588785898,429.875841923554,84.14616918555657
8056,27.4640605078141,1230.1047588785898,429.875841923554,84.14616918555657
8057,27.4640605078141,1230.1047588785898,429.875841923554,84.14616918555657
8058,27.4640605078141,1230.1047588785898,429.875841923554,84.14616918555657
8059,27.4640605078141,1230.1047588785898,429.875841923554,84.14616918555657
8060,27.4640605078141,1230.1047588785898,429.875841923554,84.14616918555657
8061,27.4640605078141,1230.1047588785898,429.875841923554,84.14616918555657
8062,27.4640605078141,1230.1047588785898,429.875841923554,84.14616918555657
8063,27.4640605078141,1230.1047588785898,429.875841923554,84.14616918555657
8064,0.0,1026.8195687452662,423.170911300182,70.54050089399468
8065,0.0,1026.8195687452662,423.170911300182,70.54050089399468
8066,0.0,1026.8195687452662,423.170911300182,70.54050089399468
8067,0.0,1026.8195687452662,423.170911300182,70.54050089399468
8068,0.0,1026.8195687452662,423.170911300182,70.54050089399468
8069,0.0,1026.8195687452662,423.170911300182,70.54050089399468
8070,0.0,1026.8195687452662,423.170911300182,70.54050089399468
8071,0.0,1026.8195687452662,423.170911300182,70.54050089399468
8072,0.0,1026.8195687452662,423.170911300182,70.54050089399468
8073,0.0,1026.8195687452662,423.170911300182,70.54050089399468
8074,0.0,1026.8195687452662,423.170911300182,70.54050089399468
8075,0.0,1026.8195687452662,423.170911300182,70.54050089399468
8076,0.0,1026.8195687452662,423.170911300182,70.54050089399468
8077,0.0,1026.8195687452662,423.170911300182,70.54050089399468
8078,0.0,1026.8195687452662,423.170911300182,70.54050089399468
8079,0.0,1026.8195687452662,423.170911300182,70.54050089399468
8080,0.0,1026.8195687452662,423.170911300182,70.54050089399468
8081,0.0,1026.8195687452662,423.170911300182,70.54050089399468
8082,0.0,1026.8195687452662,423.170911300182,70.54050089399468
8083,0.0,1026.8195687452662,423.170911300182,70.54050089399468
8084,0.0,1026.8195687452662,423.170911300182,70.54050089399468
8085,0.0,1026.8195687452662,423.170911300182,70.54050089399468
8086,0.0,1026.8195687452662,423.170911300182,70.54050089399468
8087,0.0,1026.8195687452662,423.170911300182,70.54050089399468
8088,0.0,755.8199208266794,415.311852665742,37.09836104447447
8089,0.0,755.8199208266794,415.311852665742,37.09836104447447
8090,0.0,755.8199208266794,415.311852665742,37.09836104447447
8091,0.0,755.8199208266794,415.311852665742,37.09836104447447
8092,0.0,755.8199208266794,415.311852665742,37.09836104447447
8093,0.0,755.8199208266794,415.311852665742,37.09836104447447
8094,0.0,755.8199208266794,415.311852665742,37.09836104447447
8095,0.0,755.8199208266794,415.311852665742,37.09836104447447
8096,0.0,755.8199208266794,415.311852665742,37.09836104447447
8097,0.0,755.8199208266794,415.311852665742,37.09836104447447
8098,0.0,755.8199208266794,415.311852665742,37.09836104447447
8099,0.0,755.8199208266794,415.311852665742,37.09836104447447
8100,0.0,755.8199208266794,415.311852665742,37.09836104447447
8101,0.0,755.8199208266794,415.311852665742,37.09836104447447
8102,0.0,755.8199208266794,415.311852665742,37.09836104447447
8103,0.0,755.8199208266794,415.311852665742,37.09836104447447
8104,0.0,755.8199208266794,415.311852665742,37.09836104447447
8105,0.0,755.8199208266794,415.311852665742,37.09836104447447
8106,0.0,755.8199208266794,415.311852665742,37.09836104447447
8107,0.0,755.8199208266794,415.311852665742,37.09836104447447
8108,0.0,755.8199208266794,415.311852665742,37.09836104447447
8109,0.0,755.8199208266794,415.311852665742,37.09836104447447
8110,0.0,755.8199208266794,415.311852665742,37.09836104447447
8111,0.0,755.8199208266794,415.311852665742,37.09836104447447
8112,0.0,846.3018311655212,410.805258834362,77.4367722085405
8113,0.0,846.3018311655212,410.805258834362,77.4367722085405
8114,0.0,846.3018311655212,410.805258834362,77.4367722085405
8115,0.0,846.3018311655212,410.805258834362,77.4367722085405
8116,0.0,846.3018311655212,410.805258834362,77.4367722085405
8117,0.0,846.3018311655212,410.805258834362,77.4367722085405
8118,0.0,846.3018311655212,410.805258834362,77.4367722085405
8119,0.0,846.3018311655212,410.805258834362,77.4367722085405
8120,0.0,846.3018311655212,410.805258834362,77.4367722085405
8121,0.0,846.3018311655212,410.805258834362,77.4367722085405
8122,0.0,846.3018311655212,410.805258834362,77.4367722085405
8123,0.0,846.3018311655212,410.805258834362,77.4367722085405
8124,0.0,846.3018311655212,410.805258834362,77.4367722085405
8125,0.0,846.3018311655212,410.805258834362,77.4367722085405
8126,0.0,846.3018311655212,410.805258834362,77.4367722085405
8127,0.0,846.3018311655212,410.805258834362,77.4367722085405
8128,0.0,846.3018311655212,410.805258834362,77.4367722085405
8129,0.0,846.3018311655212,410.805258834362,77.4367722085405
8130,0.0,846.3018311655212,410.805258834362,77.4367722085405
8131,0.0,846.3018311655212,410.805258834362,77.4367722085405
8132,0.0,846.3018311655212,410.805258834362,77.4367722085405
8133,0.0,846.3018311655212,410.805258834362,77.4367722085405
8134,0.0,846.3018311655212,410.805258834362,77.4367722085405
8135,0.0,846.3018311655212,410.805258834362,77.4367722085405
8136,0.0,706.1520059270333,424.847142175833,152.70313759913412
8137,0.0,706.1520059270333,424.847142175833,152.70313759913412
8138,0.0,706.1520059270333,424.847142175833,152.70313759913412
8139,0.0,706.1520059270333,424.847142175833,152.70313759913412
8140,0.0,706.1520059270333,424.847142175833,152.70313759913412
8141,0.0,706.1520059270333,424.847142175833,152.70313759913412
8142,0.0,706.1520059270333,424.847142175833,152.70313759913412
8143,0.0,706.1520059270333,424.847142175833,152.70313759913412
8144,0.0,706.1520059270333,424.847142175833,152.70313759913412
8145,0.0,706.1520059270333,424.847142175833,152.70313759913412
8146,0.0,706.1520059270333,424.847142175833,152.70313759913412
8147,0.0,706.1520059270333,424.847142175833,152.70313759913412
8148,0.0,706.1520059270333,424.847142175833,152.70313759913412
8149,0.0,706.1520059270333,424.847142175833,152.70313759913412
8150,0.0,706.1520059270333,424.847142175833,152.70313759913412
8151,0.0,706.1520059270333,424.847142175833,152.70313759913412
8152,0.0,706.1520059270333,424.847142175833,152.70313759913412
8153,0.0,706.1520059270333,424.847142175833,152.70313759913412
8154,0.0,706.1520059270333,424.847142175833,152.70313759913412
8155,0.0,706.1520059270333,424.847142175833,152.70313759913412
8156,0.0,706.1520059270333,424.847142175833,152.70313759913412
8157,0.0,706.1520059270333,424.847142175833,152.70313759913412
8158,0.0,706.1520059270333,424.847142175833,152.70313759913412
8159,0.0,706.1520059270333,424.847142175833,152.70313759913412
8160,0.0,1026.9704395488243,444.797061812877,150.39183739342366
8161,0.0,1026.9704395488243,444.797061812877,150.39183739342366
8162,0.0,1026.9704395488243,444.797061812877,150.39183739342366
8163,0.0,1026.9704395488243,444.797061812877,150.39183739342366
8164,0.0,1026.9704395488243,444.797061812877,150.39183739342366
8165,0.0,1026.9704395488243,444.797061812877,150.39183739342366
8166,0.0,1026.9704395488243,444.797061812877,150.39183739342366
8167,0.0,1026.9704395488243,444.797061812877,150.39183739342366
8168,0.0,1026.9704395488243,444.797061812877,150.39183739342366
8169,0.0,1026.9704395488243,444.797061812877,150.39183739342366
8170,0.0,1026.9704395488243,444.797061812877,150.39183739342366
8171,0.0,1026.9704395488243,444.797061812877,150.39183739342366
8172,0.0,1026.9704395488243,444.797061812877,150.39183739342366
8173,0.0,1026.9704395488243,444.797061812877,150.39183739342366
8174,0.0,1026.9704395488243,444.797061812877,150.39183739342366
8175,0.0,1026.9704395488243,444.797061812877,150.39183739342366
8176,0.0,1026.9704395488243,444.797061812877,150.39183739342366
8177,0.0,1026.9704395488243,444.797061812877,150.39183739342366
8178,0.0,1026.9704395488243,444.797061812877,150.39183739342366
8179,0.0,1026.9704395488243,444.797061812877,150.39183739342366
8180,0.0,1026.9704395488243,444.797061812877,150.39183739342366
8181,0.0,1026.9704395488243,444.797061812877,150.39183739342366
8182,0.0,1026.9704395488243,444.797061812877,150.39183739342366
8183,0.0,1026.9704395488243,444.797061812877,150.39183739342366
8184,0.0,928.3274606785469,454.707901656627,157.614822896321
8185,0.0,928.3274606785469,454.707901656627,157.614822896321
8186,0.0,928.3274606785469,454.707901656627,157.614822896321
8187,0.0,928.3274606785469,454.707901656627,157.614822896321
8188,0.0,928.3274606785469,454.707901656627,157.614822896321
8189,0.0,928.3274606785469,454.707901656627,157.614822896321
8190,0.0,928.3274606785469,454.707901656627,157.614822896321
8191,0.0,928.3274606785469,454.707901656627,157.614822896321
8192,0.0,928.3274606785469,454.707901656627,157.614822896321
8193,0.0,928.3274606785469,454.707901656627,157.614822896321
8194,0.0,928.3274606785469,454.707901656627,157.614822896321
8195,0.0,928.3274606785469,454.707901656627,157.614822896321
8196,0.0,928.3274606785469,454.707901656627,157.614822896321
8197,0.0,928.3274606785469,454.707901656627,157.614822896321
8198,0.0,928.3274606785469,454.707901656627,157.614822896321
8199,0.0,928.3274606785469,454.707901656627,157.614822896321
8200,0.0,928.3274606785469,454.707901656627,157.614822896321
8201,0.0,928.3274606785469,454.707901656627,157.614822896321
8202,0.0,928.3274606785469,454.707901656627,157.614822896321
8203,0.0,928.3274606785469,454.707901656627,157.614822896321
8204,0.0,928.3274606785469,454.707901656627,157.614822896321
8205,0.0,928.3274606785469,454.707901656627,157.614822896321
8206,0.0,928.3274606785469,454.707901656627,157.614822896321
8207,0.0,928.3274606785469,454.707901656627,157.614822896321
8208,0.0,965.2671403682375,479.38424646457,156.976012166341
8209,0.0,965.2671403682375,479.38424646457,156.976012166341
8210,0.0,965.2671403682375,479.38424646457,156.976012166341
8211,0.0,965.2671403682375,479.38424646457,156.976012166341
8212,0.0,965.2671403682375,479.38424646457,156.976012166341
8213,0.0,965.2671403682375,479.38424646457,156.976012166341
8214,0.0,965.2671403682375,479.38424646457,156.976012166341
8215,0.0,965.2671403682375,479.38424646457,156.976012166341
8216,0.0,965.2671403682375,479.38424646457,156.976012166341
8217,0.0,965.2671403682375,479.38424646457,156.976012166341
8218,0.0,965.2671403682375,479.38424646457,156.976012166341
8219,0.0,965.2671403682375,479.38424646457,156.976012166341
8220,0.0,965.2671403682375,479.38424646457,156.976012166341
8221,0.0,965.2671403682375,479.38424646457,156.976012166341
8222,0.0,965.2671403682375,479.38424646457,156.976012166341
8223,0.0,965.2671403682375,479.38424646457,156.976012166341
8224,0.0,965.2671403682375,479.38424646457,156.976012166341
8225,0.0,965.2671403682375,479.38424646457,156.976012166341
8226,0.0,965.2671403682375,479.38424646457,156.976012166341
8227,0.0,965.2671403682375,479.38424646457,156.976012166341
8228,0.0,965.2671403682375,479.38424646457,156.976012166341
8229,0.0,965.2671403682375,479.38424646457,156.976012166341
8230,0.0,965.2671403682375,479.38424646457,156.976012166341
8231,0.0,965.2671403682375,479.38424646457,156.976012166341
8232,0.0,946.5153587464295,499.828790430227,78.4723402048813
8233,0.0,946.5153587464295,499.828790430227,78.4723402048813
8234,0.0,946.5153587464295,499.828790430227,78.4723402048813
8235,0.0,946.5153587464295,499.828790430227,78.4723402048813
8236,0.0,946.5153587464295,499.828790430227,78.4723402048813
8237,0.0,946.5153587464295,499.828790430227,78.4723402048813
8238,0.0,946.5153587464295,499.828790430227,78.4723402048813
8239,0.0,946.5153587464295,499.828790430227,78.4723402048813
8240,0.0,946.5153587464295,499.828790430227,78.4723402048813
8241,0.0,946.5153587464295,499.828790430227,78.4723402048813
8242,0.0,946.5153587464295,499.828790430227,78.4723402048813
8243,0.0,946.5153587464295,499.828790430227,78.4723402048813
8244,0.0,946.5153587464295,499.828790430227,78.4723402048813
8245,0.0,946.5153587464295,499.828790430227,78.4723402048813
8246,0.0,946.5153587464295,499.828790430227,78.4723402048813
8247,0.0,946.5153587464295,499.828790430227,78.4723402048813
8248,0.0,946.5153587464295,499.828790430227,78.4723402048813
8249,0.0,946.5153587464295,499.828790430227,78.4723402048813
8250,0.0,946.5153587464295,499.828790430227,78.4723402048813
8251,0.0,946.5153587464295,499.828790430227,78.4723402048813
8252,0.0,946.5153587464295,499.828790430227,78.4723402048813
8253,0.0,946.5153587464295,499.828790430227,78.4723402048813
8254,0.0,946.5153587464295,499.828790430227,78.4723402048813
8255,0.0,946.5153587464295,499.828790430227,78.4723402048813
8256,0.0,563.7362650630189,509.44651809136,156.774107360839
8257,0.0,563.7362650630189,509.44651809136,156.774107360839
8258,0.0,563.7362650630189,509.44651809136,156.774107360839
8259,0.0,563.7362650630189,509.44651809136,156.774107360839
8260,0.0,563.7362650630189,509.44651809136,156.774107360839
8261,0.0,563.7362650630189,509.44651809136,156.774107360839
8262,0.0,563.7362650630189,509.44651809136,156.774107360839
8263,0.0,563.7362650630189,509.44651809136,156.774107360839
8264,0.0,563.7362650630189,509.44651809136,156.774107360839
8265,0.0,563.7362650630189,509.44651809136,156.774107360839
8266,0.0,563.7362650630189,509.44651809136,156.774107360839
8267,0.0,563.7362650630189,509.44651809136,156.774107360839
8268,0.0,563.7362650630189,509.44651809136,156.774107360839
8269,0.0,563.7362650630189,509.44651809136,156.774107360839
8270,0.0,563.7362650630189,509.44651809136,156.774107360839
8271,0.0,563.7362650630189,509.44651809136,156.774107360839
8272,0.0,563.7362650630189,509.44651809136,156.774107360839
8273,0.0,563.7362650630189,509.44651809136,156.774107360839
8274,0.0,563.7362650630189,509.44651809136,156.774107360839
8275,0.0,563.7362650630189,509.44651809136,156.774107360839
8276,0.0,563.7362650630189,509.44651809136,156.774107360839
8277,0.0,563.7362650630189,509.44651809136,156.774107360839
8278,0.0,563.7362650630189,509.44651809136,156.774107360839
8279,0.0,563.7362650630189,509.44651809136,156.774107360839
8280,0.0,637.6322855128601,530.248291162649,155.775132751464
8281,0.0,637.6322855128601,530.248291162649,155.775132751464
8282,0.0,637.6322855128601,530.248291162649,155.775132751464
8283,0.0,637.6322855128601,530.248291162649,155.775132751464
8284,0.0,637.6322855128601,530.248291162649,155.775132751464
8285,0.0,637.6322855128601,530.248291162649,155.775132751464
8286,0.0,637.6322855128601,530.248291162649,155.775132751464
8287,0.0,637.6322855128601,530.248291162649,155.775132751464
8288,0.0,637.6322855128601,530.248291162649,155.775132751464
8289,0.0,637.6322855128601,530.248291162649,155.775132751464
8290,0.0,637.6322855128601,530.248291162649,155.775132751464
8291,0.0,637.6322855128601,530.248291162649,155.775132751464
8292,0.0,637.6322855128601,530.248291162649,155.775132751464
8293,0.0,637.6322855128601,530.248291162649,155.775132751464
8294,0.0,637.6322855128601,530.248291162649,155.775132751464
8295,0.0,637.6322855128601,530.248291162649,155.775132751464
8296,0.0,637.6322855128601,530.248291162649,155.775132751464
8297,0.0,637.6322855128601,530.248291162649,155.775132751464
8298,0.0,637.6322855128601,530.248291162649,155.775132751464
8299,0.0,637.6322855128601,530.248291162649,155.775132751464
8300,0.0,637.6322855128601,530.248291162649,155.775132751464
8301,0.0,637.6322855128601,530.248291162649,155.775132751464
8302,0.0,637.6322855128601,530.248291162649,155.775132751464
8303,0.0,637.6322855128601,530.248291162649,155.775132751464
8304,0.0,554.9612881350993,545.929770044485,96.91820224880931
8305,0.0,554.9612881350993,545.929770044485,96.91820224880931
8306,0.0,554.9612881350993,545.929770044485,96.91820224880931
8307,0.0,554.9612881350993,545.929770044485,96.91820224880931
8308,0.0,554.9612881350993,545.929770044485,96.91820224880931
8309,0.0,554.9612881350993,545.929770044485,96.91820224880931
8310,0.0,554.9612881350993,545.929770044485,96.91820224880931
8311,0.0,554.9612881350993,545.929770044485,96.91820224880931
8312,0.0,554.9612881350993,545.929770044485,96.91820224880931
8313,0.0,554.9612881350993,545.929770044485,96.91820224880931
8314,0.0,554.9612881350993,545.929770044485,96.91820224880931
8315,0.0,554.9612881350993,545.929770044485,96.91820224880931
8316,0.0,554.9612881350993,545.929770044485,96.91820224880931
8317,0.0,554.9612881350993,545.929770044485,96.91820224880931
8318,0.0,554.9612881350993,545.929770044485,96.91820224880931
8319,0.0,554.9612881350993,545.929770044485,96.91820224880931
8320,0.0,554.9612881350993,545.929770044485,96.91820224880931
8321,0.0,554.9612881350993,545.929770044485,96.91820224880931
8322,0.0,554.9612881350993,545.929770044485,96.91820224880931
8323,0.0,554.9612881350993,545.929770044485,96.91820224880931
8324,0.0,554.9612881350993,545.929770044485,96.91820224880931
8325,0.0,554.9612881350993,545.929770044485,96.91820224880931
8326,0.0,554.9612881350993,545.929770044485,96.91820224880931
8327,0.0,554.9612881350993,545.929770044485,96.91820224880931
8328,0.0,977.3762681067021,550.491321965058,54.48927035815433
8329,0.0,977.3762681067021,550.491321965058,54.48927035815433
8330,0.0,977.3762681067021,550.491321965058,54.48927035815433
8331,0.0,977.3762681067021,550.491321965058,54.48927035815433
8332,0.0,977.3762681067021,550.491321965058,54.48927035815433
8333,0.0,977.3762681067021,550.491321965058,54.48927035815433
8334,0.0,977.3762681067021,550.491321965058,54.48927035815433
8335,0.0,977.3762681067021,550.491321965058,54.48927035815433
8336,0.0,977.3762681067021,550.491321965058,54.48927035815433
8337,0.0,977.3762681067021,550.491321965058,54.48927035815433
8338,0.0,977.3762681067021,550.491321965058,54.48927035815433
8339,0.0,977.3762681067021,550.491321965058,54.48927035815433
8340,0.0,977.3762681067021,550.491321965058,54.48927035815433
8341,0.0,977.3762681067021,550.491321965058,54.48927035815433
8342,0.0,977.3762681067021,550.491321965058,54.48927035815433
8343,0.0,977.3762681067021,550.491321965058,54.48927035815433
8344,0.0,977.3762681067021,550.491321965058,54.48927035815433
8345,0.0,977.3762681067021,550.491321965058,54.48927035815433
8346,0.0,977.3762681067021,550.491321965058,54.48927035815433
8347,0.0,977.3762681067021,550.491321965058,54.48927035815433
8348,0.0,977.3762681067021,550.491321965058,54.48927035815433
8349,0.0,977.3762681067021,550.491321965058,54.48927035815433
8350,0.0,977.3762681067021,550.491321965058,54.48927035815433
8351,0.0,977.3762681067021,550.491321965058,54.48927035815433
8352,0.0,903.608336852486,563.021849207083,34.70860239618659
8353,0.0,903.608336852486,563.021849207083,34.70860239618659
8354,0.0,903.608336852486,563.021849207083,34.70860239618659
8355,0.0,903.608336852486,563.021849207083,34.70860239618659
8356,0.0,903.608336852486,563.021849207083,34.70860239618659
8357,0.0,903.608336852486,563.021849207083,34.70860239618659
8358,0.0,903.608336852486,563.021849207083,34.70860239618659
8359,0.0,903.608336852486,563.021849207083,34.70860239618659
8360,0.0,903.608336852486,563.021849207083,34.70860239618659
8361,0.0,903.608336852486,563.021849207083,34.70860239618659
8362,0.0,903.608336852486,563.021849207083,34.70860239618659
8363,0.0,903.608336852486,563.021849207083,34.70860239618659
8364,0.0,903.608336852486,563.021849207083,34.70860239618659
8365,0.0,903.608336852486,563.021849207083,34.70860239618659
8366,0.0,903.608336852486,563.021849207083,34.70860239618659
8367,0.0,903.608336852486,563.021849207083,34.70860239618659
8368,0.0,903.608336852486,563.021849207083,34.70860239618659
8369,0.0,903.608336852486,563.021849207083,34.70860239618659
8370,0.0,903.608336852486,563.021849207083,34.70860239618659
8371,0.0,903.608336852486,563.021849207083,34.70860239618659
8372,0.0,903.608336852486,563.021849207083,34.70860239618659
8373,0.0,903.608336852486,563.021849207083,34.70860239618659
8374,0.0,903.608336852486,563.021849207083,34.70860239618659
8375,0.0,903.608336852486,563.021849207083,34.70860239618659
8376,0.0,1030.0055005346214,565.989606368541,95.29209669404833
8377,0.0,1030.0055005346214,565.989606368541,95.29209669404833
8378,0.0,1030.0055005346214,565.989606368541,95.29209669404833
8379,0.0,1030.0055005346214,565.989606368541,95.29209669404833
8380,0.0,1030.0055005346214,565.989606368541,95.29209669404833
8381,0.0,1030.0055005346214,565.989606368541,95.29209669404833
8382,0.0,1030.0055005346214,565.989606368541,95.29209669404833
8383,0.0,1030.0055005346214,565.989606368541,95.29209669404833
8384,0.0,1030.0055005346214,565.989606368541,95.29209669404833
8385,0.0,1030.0055005346214,565.989606368541,95.29209669404833
8386,0.0,1030.0055005346214,565.989606368541,95.29209669404833
8387,0.0,1030.0055005346214,565.989606368541,95.29209669404833
8388,0.0,1030.0055005346214,565.989606368541,95.29209669404833
8389,0.0,1030.0055005346214,565.989606368541,95.29209669404833
8390,0.0,1030.0055005346214,565.989606368541,95.29209669404833
8391,0.0,1030.0055005346214,565.989606368541,95.29209669404833
8392,0.0,1030.0055005346214,565.989606368541,95.29209669404833
8393,0.0,1030.0055005346214,565.989606368541,95.29209669404833
8394,0.0,1030.0055005346214,565.989606368541,95.29209669404833
8395,0.0,1030.0055005346214,565.989606368541,95.29209669404833
8396,0.0,1030.0055005346214,565.989606368541,95.29209669404833
8397,0.0,1030.0055005346214,565.989606368541,95.29209669404833
8398,0.0,1030.0055005346214,565.989606368541,95.29209669404833
8399,0.0,1030.0055005346214,565.989606368541,95.29209669404833
8400,0.0,940.5512846805789,565.989606368541,161.724638875325
8401,0.0,940.5512846805789,565.989606368541,161.724638875325
8402,0.0,940.5512846805789,565.989606368541,161.724638875325
8403,0.0,940.5512846805789,565.989606368541,161.724638875325
8404,0.0,940.5512846805789,565.989606368541,161.724638875325
8405,0.0,940.5512846805789,565.989606368541,161.724638875325
8406,0.0,940.5512846805789,565.989606368541,161.724638875325
8407,0.0,940.5512846805789,565.989606368541,161.724638875325
8408,0.0,940.5512846805789,565.989606368541,161.724638875325
8409,0.0,940.5512846805789,565.989606368541,161.724638875325
8410,0.0,940.5512846805789,565.989606368541,161.724638875325
8411,0.0,940.5512846805789,565.989606368541,161.724638875325
8412,0.0,940.5512846805789,565.989606368541,161.724638875325
8413,0.0,940.5512846805789,565.989606368541,161.724638875325
8414,0.0,940.5512846805789,565.989606368541,161.724638875325
8415,0.0,940.5512846805789,565.989606368541,161.724638875325
8416,0.0,940.5512846805789,565.989606368541,161.724638875325
8417,0.0,940.5512846805789,565.989606368541,161.724638875325
8418,0.0,940.5512846805789,565.989606368541,161.724638875325
8419,0.0,940.5512846805789,565.989606368541,161.724638875325
8420,0.0,940.5512846805789,565.989606368541,161.724638875325
8421,0.0,940.5512846805789,565.989606368541,161.724638875325
8422,0.0,940.5512846805789,565.989606368541,161.724638875325
8423,0.0,940.5512846805789,565.989606368541,161.724638875325
8424,0.0,571.109277512305,565.989606368541,161.724638875325
8425,0.0,571.109277512305,565.989606368541,161.724638875325
8426,0.0,571.109277512305,565.989606368541,161.724638875325
8427,0.0,571.109277512305,565.989606368541,161.724638875325
8428,0.0,571.109277512305,565.989606368541,161.724638875325
8429,0.0,571.109277512305,565.989606368541,161.724638875325
8430,0.0,571.109277512305,565.989606368541,161.724638875325
8431,0.0,571.109277512305,565.989606368541,161.724638875325
8432,0.0,571.109277512305,565.989606368541,161.724638875325
8433,0.0,571.109277512305,565.989606368541,161.724638875325
8434,0.0,571.109277512305,565.989606368541,161.724638875325
8435,0.0,571.109277512305,565.989606368541,161.724638875325
8436,0.0,571.109277512305,565.989606368541,161.724638875325
8437,0.0,571.109277512305,565.989606368541,161.724638875325
8438,0.0,571.109277512305,565.989606368541,161.724638875325
8439,0.0,571.109277512305,565.989606368541,161.724638875325
8440,0.0,571.109277512305,565.989606368541,161.724638875325
8441,0.0,571.109277512305,565.989606368541,161.724638875325
8442,0.0,571.109277512305,565.989606368541,161.724638875325
8443,0.0,571.109277512305,565.989606368541,161.724638875325
8444,0.0,571.109277512305,565.989606368541,161.724638875325
8445,0.0,571.109277512305,565.989606368541,161.724638875325
8446,0.0,571.109277512305,565.989606368541,161.724638875325
8447,0.0,571.109277512305,565.989606368541,161.724638875325
8448,0.0,726.3153094290622,565.989606368541,161.724638875325
8449,0.0,726.3153094290622,565.989606368541,161.724638875325
8450,0.0,726.3153094290622,565.989606368541,161.724638875325
8451,0.0,726.3153094290622,565.989606368541,161.724638875325
8452,0.0,726.3153094290622,565.989606368541,161.724638875325
8453,0.0,726.3153094290622,565.989606368541,161.724638875325
8454,0.0,726.3153094290622,565.989606368541,161.724638875325
8455,0.0,726.3153094290622,565.989606368541,161.724638875325
8456,0.0,726.3153094290622,565.989606368541,161.724638875325
8457,0.0,726.3153094290622,565.989606368541,161.724638875325
8458,0.0,726.3153094290622,565.989606368541,161.724638875325
8459,0.0,726.3153094290622,565.989606368541,161.724638875325
8460,0.0,726.3153094290622,565.989606368541,161.724638875325
8461,0.0,726.3153094290622,565.989606368541,161.724638875325
8462,0.0,726.3153094290622,565.989606368541,161.724638875325
8463,0.0,726.3153094290622,565.989606368541,161.724638875325
8464,0.0,726.3153094290622,565.989606368541,161.724638875325
8465,0.0,726.3153094290622,565.989606368541,161.724638875325
8466,0.0,726.3153094290622,565.989606368541,161.724638875325
8467,0.0,726.3153094290622,565.989606368541,161.724638875325
8468,0.0,726.3153094290622,565.989606368541,161.724638875325
8469,0.0,726.3153094290622,565.989606368541,161.724638875325
8470,0.0,726.3153094290622,565.989606368541,161.724638875325
8471,0.0,726.3153094290622,565.989606368541,161.724638875325
8472,0.0,469.9817348267936,565.989606368541,55.05966571469418
8473,0.0,469.9817348267936,565.989606368541,55.05966571469418
8474,0.0,469.9817348267936,565.989606368541,55.05966571469418
8475,0.0,469.9817348267936,565.989606368541,55.05966571469418
8476,0.0,469.9817348267936,565.989606368541,55.05966571469418
8477,0.0,469.9817348267936,565.989606368541,55.05966571469418
8478,0.0,469.9817348267936,565.989606368541,55.05966571469418
8479,0.0,469.9817348267936,565.989606368541,55.05966571469418
8480,0.0,469.9817348267936,565.989606368541,55.05966571469418
8481,0.0,469.9817348267936,565.989606368541,55.05966571469418
8482,0.0,469.9817348267936,565.989606368541,55.05966571469418
8483,0.0,469.9817348267936,565.989606368541,55.05966571469418
8484,0.0,469.9817348267936,565.989606368541,55.05966571469418
8485,0.0,469.9817348267936,565.989606368541,55.05966571469418
8486,0.0,469.9817348267936,565.989606368541,55.05966571469418
8487,0.0,469.9817348267936,565.989606368541,55.05966571469418
8488,0.0,469.9817348267936,565.989606368541,55.05966571469418
8489,0.0,469.9817348267936,565.989606368541,55.05966571469418
8490,0.0,469.9817348267936,565.989606368541,55.05966571469418
8491,0.0,469.9817348267936,565.989606368541,55.05966571469418
8492,0.0,469.9817348267936,565.989606368541,55.05966571469418
8493,0.0,469.9817348267936,565.989606368541,55.05966571469418
8494,0.0,469.9817348267936,565.989606368541,55.05966571469418
8495,0.0,469.9817348267936,565.989606368541,55.05966571469418
8496,0.0,384.14652807544303,565.989606368541,99.33557251010683
8497,0.0,384.14652807544303,565.989606368541,99.33557251010683
8498,0.0,384.14652807544303,565.989606368541,99.33557251010683
8499,0.0,384.14652807544303,565.989606368541,99.33557251010683
8500,0.0,384.14652807544303,565.989606368541,99.33557251010683
8501,0.0,384.14652807544303,565.989606368541,99.33557251010683
8502,0.0,384.14652807544303,565.989606368541,99.33557251010683
8503,0.0,384.14652807544303,565.989606368541,99.33557251010683
8504,0.0,384.14652807544303,565.989606368541,99.33557251010683
8505,0.0,384.14652807544303,565.989606368541,99.33557251010683
8506,0.0,384.14652807544303,565.989606368541,99.33557251010683
8507,0.0,384.14652807544303,565.989606368541,99.33557251010683
8508,0.0,384.14652807544303,565.989606368541,99.33557251010683
8509,0.0,384.14652807544303,565.989606368541,99.33557251010683
8510,0.0,384.14652807544303,565.989606368541,99.33557251010683
8511,0.0,384.14652807544303,565.989606368541,99.33557251010683
8512,0.0,384.14652807544303,565.989606368541,99.33557251010683
8513,0.0,384.14652807544303,565.989606368541,99.33557251010683
8514,0.0,384.14652807544303,565.989606368541,99.33557251010683
8515,0.0,384.14652807544303,565.989606368541,99.33557251010683
8516,0.0,384.14652807544303,565.989606368541,99.33557251010683
8517,0.0,384.14652807544303,565.989606368541,99.33557251010683
8518,0.0,384.14652807544303,565.989606368541,99.33557251010683
8519,0.0,384.14652807544303,565.989606368541,99.33557251010683
8520,0.0,758.6797395446672,565.989606368541,74.02600047653027
8521,0.0,758.6797395446672,565.989606368541,74.02600047653027
8522,0.0,758.6797395446672,565.989606368541,74.02600047653027
8523,0.0,758.6797395446672,565.989606368541,74.02600047653027
8524,0.0,758.6797395446672,565.989606368541,74.02600047653027
8525,0.0,758.6797395446672,565.989606368541,74.02600047653027
8526,0.0,758.6797395446672,565.989606368541,74.02600047653027
8527,0.0,758.6797395446672,565.989606368541,74.02600047653027
8528,0.0,758.6797395446672,565.989606368541,74.02600047653027
8529,0.0,758.6797395446672,565.989606368541,74.02600047653027
8530,0.0,758.6797395446672,565.989606368541,74.02600047653027
8531,0.0,758.6797395446672,565.989606368541,74.02600047653027
8532,0.0,758.6797395446672,565.989606368541,74.02600047653027
8533,0.0,758.6797395446672,565.989606368541,74.02600047653027
8534,0.0,758.6797395446672,565.989606368541,74.02600047653027
8535,0.0,758.6797395446672,565.989606368541,74.02600047653027
8536,0.0,758.6797395446672,565.989606368541,74.02600047653027
8537,0.0,758.6797395446672,565.989606368541,74.02600047653027
8538,0.0,758.6797395446672,565.989606368541,74.02600047653027
8539,0.0,758.6797395446672,565.989606368541,74.02600047653027
8540,0.0,758.6797395446672,565.989606368541,74.02600047653027
8541,0.0,758.6797395446672,565.989606368541,74.02600047653027
8542,0.0,758.6797395446672,565.989606368541,74.02600047653027
8543,0.0,758.6797395446672,565.989606368541,74.02600047653027
8544,0.0,679.4605505762413,565.989606368541,138.45292228009913
8545,0.0,679.4605505762413,565.989606368541,138.45292228009913
8546,0.0,679.4605505762413,565.989606368541,138.45292228009913
8547,0.0,679.4605505762413,565.989606368541,138.45292228009913
8548,0.0,679.4605505762413,565.989606368541,138.45292228009913
8549,0.0,679.4605505762413,565.989606368541,138.45292228009913
8550,0.0,679.4605505762413,565.989606368541,138.45292228009913
8551,0.0,679.4605505762413,565.989606368541,138.45292228009913
8552,0.0,679.4605505762413,565.989606368541,138.45292228009913
8553,0.0,679.4605505762413,565.989606368541,138.45292228009913
8554,0.0,679.4605505762413,565.989606368541,138.45292228009913
8555,0.0,679.4605505762413,565.989606368541,138.45292228009913
8556,0.0,679.4605505762413,565.989606368541,138.45292228009913
8557,0.0,679.4605505762413,565.989606368541,138.45292228009913
8558,0.0,679.4605505762413,565.989606368541,138.45292228009913
8559,0.0,679.4605505762413,565.989606368541,138.45292228009913
8560,0.0,679.4605505762413,565.989606368541,138.45292228009913
8561,0.0,679.4605505762413,565.989606368541,138.45292228009913
8562,0.0,679.4605505762413,565.989606368541,138.45292228009913
8563,0.0,679.4605505762413,565.989606368541,138.45292228009913
8564,0.0,679.4605505762413,565.989606368541,138.45292228009913
8565,0.0,679.4605505762413,565.989606368541,138.45292228009913
8566,0.0,679.4605505762413,565.989606368541,138.45292228009913
8567,0.0,679.4605505762413,565.989606368541,138.45292228009913
8568,0.0,920.9675171404231,565.989606368541,81.25626830354085
8569,0.0,920.9675171404231,565.989606368541,81.25626830354085
8570,0.0,920.9675171404231,565.989606368541,81.25626830354085
8571,0.0,920.9675171404231,565.989606368541,81.25626830354085
8572,0.0,920.9675171404231,565.989606368541,81.25626830354085
8573,0.0,920.9675171404231,565.989606368541,81.25626830354085
8574,0.0,920.9675171404231,565.989606368541,81.25626830354085
8575,0.0,920.9675171404231,565.989606368541,81.25626830354085
8576,0.0,920.9675171404231,565.989606368541,81.25626830354085
8577,0.0,920.9675171404231,565.989606368541,81.25626830354085
8578,0.0,920.9675171404231,565.989606368541,81.25626830354085
8579,0.0,920.9675171404231,565.989606368541,81.25626830354085
8580,0.0,920.9675171404231,565.989606368541,81.25626830354085
8581,0.0,920.9675171404231,565.989606368541,81.25626830354085
8582,0.0,920.9675171404231,565.989606368541,81.25626830354085
8583,0.0,920.9675171404231,565.989606368541,81.25626830354085
8584,0.0,920.9675171404231,565.989606368541,81.25626830354085
8585,0.0,920.9675171404231,565.989606368541,81.25626830354085
8586,0.0,920.9675171404231,565.989606368541,81.25626830354085
8587,0.0,920.9675171404231,565.989606368541,81.25626830354085
8588,0.0,920.9675171404231,565.989606368541,81.25626830354085
8589,0.0,920.9675171404231,565.989606368541,81.25626830354085
8590,0.0,920.9675171404231,565.989606368541,81.25626830354085
8591,0.0,920.9675171404231,565.989606368541,81.25626830354085
8592,0.0,814.6838438070197,565.989606368541,161.724638875325
8593,0.0,814.6838438070197,565.989606368541,161.724638875325
8594,0.0,814.6838438070197,565.989606368541,161.724638875325
8595,0.0,814.6838438070197,565.989606368541,161.724638875325
8596,0.0,814.6838438070197,565.989606368541,161.724638875325
8597,0.0,814.6838438070197,565.989606368541,161.724638875325
8598,0.0,814.6838438070197,565.989606368541,161.724638875325
8599,0.0,814.6838438070197,565.989606368541,161.724638875325
8600,0.0,814.6838438070197,565.989606368541,161.724638875325
8601,0.0,814.6838438070197,565.989606368541,161.724638875325
8602,0.0,814.6838438070197,565.989606368541,161.724638875325
8603,0.0,814.6838438070197,565.989606368541,161.724638875325
8604,0.0,814.6838438070197,565.989606368541,161.724638875325
8605,0.0,814.6838438070197,565.989606368541,161.724638875325
8606,0.0,814.6838438070197,565.989606368541,161.724638875325
8607,0.0,814.6838438070197,565.989606368541,161.724638875325
8608,0.0,814.6838438070197,565.989606368541,161.724638875325
8609,0.0,814.6838438070197,565.989606368541,161.724638875325
8610,0.0,814.6838438070197,565.989606368541,161.724638875325
8611,0.0,814.6838438070197,565.989606368541,161.724638875325
8612,0.0,814.6838438070197,565.989606368541,161.724638875325
8613,0.0,814.6838438070197,565.989606368541,161.724638875325
8614,0.0,814.6838438070197,565.989606368541,161.724638875325
8615,0.0,814.6838438070197,565.989606368541,161.724638875325
8616,0.0,1015.7335134357793,565.989606368541,148.50350854298262
8617,0.0,1015.7335134357793,565.989606368541,148.50350854298262
8618,0.0,1015.7335134357793,565.989606368541,148.50350854298262
8619,0.0,1015.7335134357793,565.989606368541,148.50350854298262
8620,0.0,1015.7335134357793,565.989606368541,148.50350854298262
8621,0.0,1015.7335134357793,565.989606368541,148.50350854298262
8622,0.0,1015.7335134357793,565.989606368541,148.50350854298262
8623,0.0,1015.7335134357793,565.989606368541,148.50350854298262
8624,0.0,1015.7335134357793,565.989606368541,148.50350854298262
8625,0.0,1015.7335134357793,565.989606368541,148.50350854298262
8626,0.0,1015.7335134357793,565.989606368541,148.50350854298262
8627,0.0,1015.7335134357793,565.989606368541,148.50350854298262
8628,0.0,1015.7335134357793,565.989606368541,148.50350854298262
8629,0.0,1015.7335134357793,565.989606368541,148.50350854298262
8630,0.0,1015.7335134357793,565.989606368541,148.50350854298262
8631,0.0,1015.7335134357793,565.989606368541,148.50350854298262
8632,0.0,1015.7335134357793,565.989606368541,148.50350854298262
8633,0.0,1015.7335134357793,565.989606368541,148.50350854298262
8634,0.0,1015.7335134357793,565.989606368541,148.50350854298262
8635,0.0,1015.7335134357793,565.989606368541,148.50350854298262
8636,0.0,1015.7335134357793,565.989606368541,148.50350854298262
8637,0.0,1015.7335134357793,565.989606368541,148.50350854298262
8638,0.0,1015.7335134357793,565.989606368541,148.50350854298262
8639,0.0,1015.7335134357793,565.989606368541,148.50350854298262
8640,0.0,1013.3176543094817,565.989606368541,129.74121370017252
8641,0.0,1013.3176543094817,565.989606368541,129.74121370017252
8642,0.0,1013.3176543094817,565.989606368541,129.74121370017252
8643,0.0,1013.3176543094817,565.989606368541,129.74121370017252
8644,0.0,1013.3176543094817,565.989606368541,129.74121370017252
8645,0.0,1013.3176543094817,565.989606368541,129.74121370017252
8646,0.0,1013.3176543094817,565.989606368541,129.74121370017252
8647,0.0,1013.3176543094817,565.989606368541,129.74121370017252
8648,0.0,1013.3176543094817,565.989606368541,129.74121370017252
8649,0.0,1013.3176543094817,565.989606368541,129.74121370017252
8650,0.0,1013.3176543094817,565.989606368541,129.74121370017252
8651,0.0,1013.3176543094817,565.989606368541,129.74121370017252
8652,0.0,1013.3176543094817,565.989606368541,129.74121370017252
8653,0.0,1013.3176543094817,565.989606368541,129.74121370017252
8654,0.0,1013.3176543094817,565.989606368541,129.74121370017252
8655,0.0,1013.3176543094817,565.989606368541,129.74121370017252
8656,0.0,1013.3176543094817,565.989606368541,129.74121370017252
8657,0.0,1013.3176543094817,565.989606368541,129.74121370017252
8658,0.0,1013.3176543094817,565.989606368541,129.74121370017252
8659,0.0,1013.3176543094817,565.989606368541,129.74121370017252
8660,0.0,1013.3176543094817,565.989606368541,129.74121370017252
8661,0.0,1013.3176543094817,565.989606368541,129.74121370017252
8662,0.0,1013.3176543094817,565.989606368541,129.74121370017252
8663,0.0,1013.3176543094817,565.989606368541,129.74121370017252
8664,0.0,1061.9464493225776,565.989606368541,74.02499910041672
8665,0.0,1061.9464493225776,565.989606368541,74.02499910041672
8666,0.0,1061.9464493225776,565.989606368541,74.02499910041672
8667,0.0,1061.9464493225776,565.989606368541,74.02499910041672
8668,0.0,1061.9464493225776,565.989606368541,74.02499910041672
8669,0.0,1061.9464493225776,565.989606368541,74.02499910041672
8670,0.0,1061.9464493225776,565.989606368541,74.02499910041672
8671,0.0,1061.9464493225776,565.989606368541,74.02499910041672
8672,0.0,1061.9464493225776,565.989606368541,74.02499910041672
8673,0.0,1061.9464493225776,565.989606368541,74.02499910041672
8674,0.0,1061.9464493225776,565.989606368541,74.02499910041672
8675,0.0,1061.9464493225776,565.989606368541,74.02499910041672
8676,0.0,1061.9464493225776,565.989606368541,74.02499910041672
8677,0.0,1061.9464493225776,565.989606368541,74.02499910041672
8678,0.0,1061.9464493225776,565.989606368541,74.02499910041672
8679,0.0,1061.9464493225776,565.989606368541,74.02499910041672
8680,0.0,1061.9464493225776,565.989606368541,74.02499910041672
8681,0.0,1061.9464493225776,565.989606368541,74.02499910041672
8682,0.0,1061.9464493225776,565.989606368541,74.02499910041672
8683,0.0,1061.9464493225776,565.989606368541,74.02499910041672
8684,0.0,1061.9464493225776,565.989606368541,74.02499910041672
8685,0.0,1061.9464493225776,565.989606368541,74.02499910041672
8686,0.0,1061.9464493225776,565.989606368541,74.02499910041672
8687,0.0,1061.9464493225776,565.989606368541,74.02499910041672
8688,0.0,878.1197172538084,538.2634790904044,127.46907512031885
8689,0.0,878.1197172538084,538.2634790904044,127.46907512031885
8690,0.0,878.1197172538084,538.2634790904044,127.46907512031885
8691,0.0,878.1197172538084,538.2634790904044,127.46907512031885
8692,0.0,878.1197172538084,538.2634790904044,127.46907512031885
8693,0.0,878.1197172538084,538.2634790904044,127.46907512031885
8694,0.0,878.1197172538084,538.2634790904044,127.46907512031885
8695,0.0,878.1197172538084,538.2634790904044,127.46907512031885
8696,0.0,878.1197172538084,538.2634790904044,127.46907512031885
8697,0.0,878.1197172538084,538.2634790904044,127.46907512031885
8698,0.0,878.1197172538084,538.2634790904044,127.46907512031885
8699,0.0,878.1197172538084,538.2634790904044,127.46907512031885
8700,0.0,878.1197172538084,538.2634790904044,127.46907512031885
8701,0.0,878.1197172538084,538.2634790904044,127.46907512031885
8702,0.0,878.1197172538084,538.2634790904044,127.46907512031885
8703,0.0,878.1197172538084,538.2634790904044,127.46907512031885
8704,0.0,878.1197172538084,538.2634790904044,127.46907512031885
8705,0.0,878.1197172538084,538.2634790904044,127.46907512031885
8706,0.0,878.1197172538084,538.2634790904044,127.46907512031885
8707,0.0,878.1197172538084,538.2634790904044,127.46907512031885
8708,0.0,878.1197172538084,538.2634790904044,127.46907512031885
8709,0.0,878.1197172538084,538.2634790904044,127.46907512031885
8710,0.0,878.1197172538084,538.2634790904044,127.46907512031885
8711,0.0,878.1197172538084,538.2634790904044,127.46907512031885
8712,0.0,915.9615221743009,565.989606368541,96.18705804390589
8713,0.0,915.9615221743009,565.989606368541,96.18705804390589
8714,0.0,915.9615221743009,565.989606368541,96.18705804390589
8715,0.0,915.9615221743009,565.989606368541,96.18705804390589
8716,0.0,915.9615221743009,565.989606368541,96.18705804390589
8717,0.0,915.9615221743009,565.989606368541,96.18705804390589
8718,0.0,915.9615221743009,565.989606368541,96.18705804390589
8719,0.0,915.9615221743009,565.989606368541,96.18705804390589
8720,0.0,915.9615221743009,565.989606368541,96.18705804390589
8721,0.0,915.9615221743009,565.989606368541,96.18705804390589
8722,0.0,915.9615221743009,565.989606368541,96.18705804390589
8723,0.0,915.9615221743009,565.989606368541,96.18705804390589
8724,0.0,915.9615221743009,565.989606368541,96.18705804390589
8725,0.0,915.9615221743009,565.989606368541,96.18705804390589
8726,0.0,915.9615221743009,565.989606368541,96.18705804390589
8727,0.0,915.9615221743009,565.989606368541,96.18705804390589
8728,0.0,915.9615221743009,565.989606368541,96.18705804390589
8729,0.0,915.9615221743009,565.989606368541,96.18705804390589
8730,0.0,915.9615221743009,565.989606368541,96.18705804390589
8731,0.0,915.9615221743009,565.989606368541,96.18705804390589
8732,0.0,915.9615221743009,565.989606368541,96.18705804390589
8733,0.0,915.9615221743009,565.989606368541,96.18705804390589
8734,0.0,915.9615221743009,565.989606368541,96.18705804390589
8735,0.0,915.9615221743009,565.989606368541,96.18705804390589
8736,0.0,1117.3770118820505,565.989606368541,105.32257876143882
8737,0.0,1117.3770118820505,565.989606368541,105.32257876143882
8738,0.0,1117.3770118820505,565.989606368541,105.32257876143882
8739,0.0,1117.3770118820505,565.989606368541,105.32257876143882
8740,0.0,1117.3770118820505,565.989606368541,105.32257876143882
8741,0.0,1117.3770118820505,565.989606368541,105.32257876143882
8742,0.0,1117.3770118820505,565.989606368541,105.32257876143882
8743,0.0,1117.3770118820505,565.989606368541,105.32257876143882
8744,0.0,1117.3770118820505,565.989606368541,105.32257876143882
8745,0.0,1117.3770118820505,565.989606368541,105.32257876143882
8746,0.0,1117.3770118820505,565.989606368541,105.32257876143882
8747,0.0,1117.3770118820505,565.989606368541,105.32257876143882
8748,0.0,1117.3770118820505,565.989606368541,105.32257876143882
8749,0.0,1117.3770118820505,565.989606368541,105.32257876143882
8750,0.0,1117.3770118820505,565.989606368541,105.32257876143882
8751,0.0,1117.3770118820505,565.989606368541,105.32257876143882
8752,0.0,1117.3770118820505,565.989606368541,105.32257876143882
8753,0.0,1117.3770118820505,565.989606368541,105.32257876143882
8754,0.0,1117.3770118820505,565.989606368541,105.32257876143882
8755,0.0,1117.3770118820505,565.989606368541,105.32257876143882
8756,0.0,1117.3770118820505,565.989606368541,105.32257876143882
8757,0.0,1117.3770118820505,565.989606368541,105.32257876143882
8758,0.0,1117.3770118820505,565.989606368541,105.32257876143882
8759,0.0,1117.3770118820505,565.989606368541,105.32257876143882
